ensg	symbol	8_pcw	9_pcw	12_pcw	13_pcw	16_pcw	17_pcw	19_pcw	21_pcw	24_pcw	26_pcw	37_pcw	4_mos	10_mos	1_yrs	2_yrs	3_yrs	4_yrs	8_yrs	11_yrs	13_yrs	15_yrs	18_yrs	19_yrs	21_yrs	23_yrs	30_yrs	36_yrs	37_yrs	40_yrs
ENSG00000006534	ALDH3B1	0.160622357525986	0.142080294221673	0.0712964449241588	0.0607712053443936	0.203199642692316	0.179090425240079	0.147963662133073	0.117463693655573	0.105261518000659	0.507465097528813	0.501354321668485	0.349206807596795	0.180048870602301	0.282580412900636	0.573628386278332	0.653465374509408	0.309201980884938	0.381806740687658	0.23754339128084	0.563764221409561	0.187703540900579	0.737169001564661	0.37287021470397	0.330694533805533	0.688175059199426	0.546386477665615	0.365701801288798	0.458586088536512	0.250807474465143
ENSG00000007933	FMO3	0.0134280166779237	0.00902541513876257	0.00788626937772867	0.0126240315787871	0.0146506967336532	0.0137364808972855	0.0352152334268831	0.033162729171122	0.0811296289840851	0.499361982700281	0.373170949753821	0.405172974633243	0.202476833380944	0.299491754536596	0.491881400219844	0.645615047489424	0.393879275018224	0.506066145782151	0.348053172208311	0.232308290753799	0.168497553907055	0.563840714273122	0.194918570509383	0.278679788096363	0.160726192299858	0.203672495751353	0.44506693796772	0.285032165917744	0.326464343503581
ENSG00000008300	CELSR3	2.8420195426331	3.53605572388602	3.6750776025831	3.8459979173247	3.8641613180114	3.68759244223167	3.41087954968983	3.5205484480289	2.80224137332867	1.86994333262552	2.1274603879839	1.88854272254458	1.54916363847319	2.35270659583117	0.895898545377597	1.42258307689334	0.992914130384356	1.3685361433342	1.67523611847314	2.13457724815279	2.01292808178608	1.39585585992327	2.38877563613387	1.99574797900311	1.71539412758519	2.45356434897201	2.51981989240738	2.22603583681827	1.65300747750817
ENSG00000008394	MGST1	0.594986907923595	0.473441899404347	0.557520488384522	0.356225777352431	0.460530711961693	0.65398179003681	0.561480599694576	0.440694762895635	0.760598989332652	1.74069060315223	1.70441435347145	1.39705882633842	1.41163438453213	0.994595242595418	2.26307051035933	2.54661639403237	3.05762924098265	2.73743812454681	1.82737304813874	2.64238670099653	2.02695994552443	2.63900681230417	1.88711537826164	1.63337813488984	2.59488895530662	0.987100970856702	1.61842491855406	2.01151596347557	2.20094762657514
ENSG00000009724	MASP2	0.552421598994143	0.569593725679121	0.711721354795256	0.689388141076848	0.91678067367779	1.10490099767453	0.83659139771577	0.998618706137272	0.994147648049361	0.579446325062164	0.5595317671277	0.632302270302149	0.451532258975468	0.637095506018053	0.313668608793155	0.486327705277169	0.328582920834341	0.689518888573772	0.675533944429145	0.878354795388873	1.03660960059197	0.537931205249841	0.892948778689597	0.689750558387653	0.758788323994641	0.859223852996049	1.20089953135844	1.45400904465736	0.616493357670467
ENSG00000009950	MLXIPL	0.0074236686532908	0.0288013593120769	0.0271077635961801	0.026745249787785	0.0678105011466931	0.215215268951208	0.0838471183376994	0.0615486579201983	0.0618728810795822	0.807557748643291	0.467603012432934	0.680922037167036	0.673782397180326	0.952819160357902	0.764089474021153	1.20697016340261	1.10390740397251	1.21343291457626	1.07653522516848	1.86813070984813	1.53889375806117	1.7290281154439	2.10176613359487	0.99751495324409	1.60214101636186	2.52106757415468	2.29060051997431	2.07797870291198	1.77020321672709
ENSG00000021461	CYP3A43	0.00237888435686587	0.00431495243610211	0.00536165756103331	0.00272174836852971	0.00886481527814993	0.0344531278686107	0.0188742317394136	0.0240714405247389	0.0100756967580681	0.0491043770541892	0.0543031289425053	0.0316202094709848	0.00636782639688305	0.0137897715376766	0.0567819672268795	0.0257334025629606	0.0132367482018566	0.0212154665076837	0.0234841817458686	0.0573437631718707	0.013774244957964	0.0369930256446392	0.0219929177295344	0.0202486154317564	0.0427370474199805	0.0186617857719311	0.0692704570057754	0.0884061363135178	0.0193464371380822
ENSG00000035115	SH3YL1	1.50499081336746	1.78489662042475	1.73874107795549	1.74220136305313	1.82924252663019	2.09229558234929	1.78454566984377	2.02611192397863	1.80157727776392	1.7680249710446	1.88962249246993	1.91781886790779	1.74794656669327	1.83396411730892	1.05453252166119	1.66159549074215	1.85051718158351	1.79601139556992	1.83457515167775	1.66932477289695	2.04785215582352	1.71091230235737	1.6162578815333	1.57104464262879	1.72044939764633	1.59138480081367	1.94642503553326	2.09628899379122	1.98107130579578
ENSG00000040199	PHLPP2	1.41659797058807	1.51533560744577	1.73154404728864	1.42578520605636	1.82717775486113	1.76794418656454	1.30483186118976	1.96453447890807	1.63942843614482	1.54968279503023	1.34530797263977	1.97842590531904	1.67065789640576	2.70148438044945	0.772609625933529	1.53289090551284	1.19953704080204	1.66638876826806	2.19753930701863	2.28040193089744	2.61889998170856	1.37536013631537	2.45419387807647	2.58882456609415	2.15725957186465	2.18010784804655	2.53394872006042	2.64309751286975	1.81288557995387
ENSG00000050405	LIMA1	2.18552114727822	2.38337900544961	1.86522267212334	1.77219363801468	1.88087449341629	1.81730537144715	1.3977172167557	1.97952379521336	2.14854075729465	2.61098403594766	2.42695273191628	2.36233116147758	1.81921854100139	2.02360464175369	1.75896560563868	2.54575725606759	2.23255030489328	1.96886080663592	1.6193995121848	1.9177253621351	2.10564654471075	2.1007099910242	1.51401678837027	1.67041580872311	2.07672193186192	1.12614956771293	1.7721645663308	1.98295889463737	1.48321451970987
ENSG00000050438	SLC4A8	2.29845175831796	2.90213086605668	2.3348103746025	2.42836462988261	2.19344837660645	1.75237351842547	1.11250731179037	1.97886697889492	1.72949912065274	1.72384186770105	0.937356843001501	1.75269488053929	2.04669159950754	2.89251668268846	1.01652077536534	1.44445031354772	1.29717231966733	2.04495294195825	2.12438934575081	2.18289547316104	2.65959585897849	1.34120972296399	2.62848839832325	2.81750334843652	2.24680215745861	2.36340044227664	2.66082175116253	2.56714014452086	1.83219517322261
ENSG00000074966	TXK	0.00891077937790269	0.017765649043789	0.00988848439287841	0.0130774962801417	0.0648741492394349	0.103542819585204	0.0769387820423942	0.094500105039403	0.0393134394762291	0.027630646380829	0.0663393142659275	0.0496414497179253	0.0474580087078508	0.0828596073103997	0.065880245130534	0.0337354526006879	0.0361040391737369	0.0666019163236614	0.0288029484461729	0.0501635547576727	0.0546272661762747	0.0465141662689387	0.0324077830306571	0.0422171976381795	0.0595525654873466	0.0237410040202098	0.0815908311584542	0.150914052028449	0.054361743354019
ENSG00000075461	CACNG4	5.60747016733016	5.6724253419715	5.57069601618623	5.52093727155068	5.64558964407304	5.6724253419715	5.6724253419715	5.6724253419715	5.6724253419715	5.25672536882531	5.55138034366948	5.17619440859852	3.09493651446939	4.40538191184435	4.09329071631469	5.00985106149072	4.07644633330533	3.76901219035647	2.98542430031076	4.13411560934229	3.33916308570938	3.99387249467443	3.62400977083052	3.49213057755505	3.78216002314124	3.29893688684467	3.21260028417644	3.39972287193256	2.66535241366271
ENSG00000076555	ACACB	0.48078048138418	0.991462785831755	0.271064213642401	0.383992447204693	0.538026122269588	0.534057867013667	0.416817310512767	0.503270156981576	0.330046452136776	1.41856508098719	1.17276325964796	0.978307865079239	0.496189020110599	0.664686972341266	1.73511292955809	1.53778429551103	0.574724543819392	0.864675803287398	0.574753505300424	1.57308394334903	0.703632280596014	1.67821338269763	1.0114902830212	0.692739295391178	1.62817425701976	0.837145883946364	1.32735821263409	1.27847816358429	0.788061798620569
ENSG00000078269	SYNJ2	0.2962755064784	0.38897019138267	1.08687792668672	0.899164331242447	0.915555310097814	1.33087250327578	0.891980148165329	2.08055725975019	1.48325548351242	1.99432356061429	1.11670441206024	1.5005991961434	1.62721424719589	2.68518330004066	1.89521844730055	2.24727150886107	1.87478220072487	2.55639701315056	2.89936339595165	3.24380123443415	3.48222679746723	2.87906903341081	3.57125535345284	3.8485279033207	3.95503556858151	3.24483306817564	3.58099791970311	3.80677145838356	3.00835154845988
ENSG00000080824	HSP90AA1	5.6724253419715	5.6724253419715	5.6724253419715	5.6724253419715	5.6724253419715	5.6724253419715	5.6724253419715	5.6724253419715	5.6724253419715	5.6724253419715	5.6724253419715	5.6724253419715	5.6724253419715	5.6724253419715	5.6724253419715	5.6724253419715	5.6724253419715	5.6724253419715	5.6724253419715	5.6724253419715	5.6724253419715	5.6724253419715	5.6724253419715	5.6724253419715	5.6724253419715	5.6724253419715	5.6724253419715	5.6724253419715	5.6724253419715
ENSG00000080845	DLGAP4	4.18689115073269	4.6024318665943	4.40211672762427	4.56134286856706	4.66232210863565	4.7208048308774	4.57323770758009	4.78199172926883	4.623226772576	3.74013492891759	4.46425872820411	4.49153286627474	4.58383897129807	4.79192254074652	3.28475270631647	3.8295624369141	3.58666550391682	4.21997197026081	3.884441175261	4.33207225521619	4.10555183641218	3.51701717272032	4.33243157621433	4.271944398355	3.87493654528972	4.52216765650957	3.92442749970655	3.90898546200782	3.70817171225922
ENSG00000083123	BCKDHB	2.24831666311296	2.29456384091105	2.03601608237647	1.69798062680961	1.62620363392498	1.59558169037247	1.20357747147521	1.76511066052834	2.19652017425134	2.23420619280361	3.25887287578121	2.67961464161981	1.94639807040714	2.54352667784349	1.82197261774236	2.28836199748962	2.03694698652516	2.88736211773798	2.49950821198905	2.51998457816601	2.4409100203554	2.32360623451648	2.32662261398593	2.43042478449616	2.6821376885132	1.86878023423093	2.11997868968815	2.42448361123379	2.12030266286835
ENSG00000088387	DOCK9	1.90286380271521	1.99210940608735	3.30752159582718	3.10847986849453	3.74277629280654	3.85865665731871	3.02100111799135	4.22735907339434	3.6932733220478	3.12640272568308	3.76485933097935	3.62506282556861	3.39955470370177	4.33048699259465	2.37380964191409	2.99584064807176	2.59741080750043	3.15626936258982	3.65688298322745	3.45244555259478	4.17857689096021	2.71771358640948	3.85960317422731	4.01997270757341	3.72021058262018	3.73434057486814	4.09132441714231	4.09530638931444	3.12666615226422
ENSG00000089195	TRMT6	2.47935275945261	1.6235609518989	2.33073472036376	2.0662136041565	2.07450696401784	2.10572958731604	1.82445174297808	2.0324268387405	2.04795121443094	1.73435901926053	1.35367743396204	1.92602860991606	2.23954259658828	2.1700119901455	1.05636416601463	1.6259541265898	2.24119894463923	2.12583025300741	2.41735573750647	1.96370826731368	2.44837779169006	1.75678530770152	2.10384442844598	2.23580003636239	2.03001952102937	2.07595702788367	2.02740438117355	2.15393250706547	2.15487098942337
ENSG00000092439	TRPM7	1.57095675273251	1.52816129110807	1.6375756946229	1.13625636827256	1.49148026632423	1.53430959653216	1.02185752320604	1.57344502206918	1.05543293637883	1.36140966360702	1.15518955029674	1.12882463263003	1.24182868123245	1.61050750282679	0.666026701152455	0.987759636981961	0.860832501039148	1.06014314498542	1.09814284710464	1.2318306432229	1.64493052000445	0.964236249049119	1.17455301546554	1.31142420897027	1.46718062779494	0.86790422449219	1.49176765188776	1.60850699725269	1.21520274224682
ENSG00000092969	TGFB2	0.870814017882057	0.986500813882366	1.88939260886472	1.9609854277521	2.69777379307648	2.901750608402	2.96618223142173	3.53523910249698	3.73664468291231	2.97884945436342	3.68773523042145	2.94384181164507	2.00740856174432	2.05951268322623	2.57856657833215	2.90667128951248	1.58930427981899	2.17057248299855	1.77455895376428	2.47538828665464	2.02887924113039	2.86043207610289	1.71981957861336	2.14995009343584	2.88015642901449	1.03743454937133	1.61783846710695	1.91178501834811	1.51562499977257
ENSG00000100726	TELO2	3.10479823622958	2.95032419786764	2.81745415816535	3.08342962781319	3.20141696154994	3.52998877321947	3.67862832459502	3.14382487682368	2.91763735573071	2.78365449769846	3.10592268721294	2.90020891412144	3.02332129460901	2.76055608296612	2.87549882706052	2.90572972561392	2.29318104959832	2.24638714935626	1.78816889724586	2.46248461114077	1.92546576211432	2.70678097876951	2.72831326182513	2.20801905568439	2.47645916061782	3.08723433157956	2.42820296123072	1.99142283040015	2.19407020246813
ENSG00000102100	SLC35A2	2.40966559371153	2.17534695191393	2.49091144605725	2.32612875668955	2.51591840154247	2.4220891838871	2.26160772520932	2.40267987860636	2.76996633277239	2.2016268304537	2.76197254160796	2.59956760399945	2.17158649248282	2.55369375350311	1.72695003583952	2.24603318120018	2.20692444114743	2.39801265080086	2.64778137697038	2.57073072089318	2.31895774052177	1.93111540331583	2.77933134027053	2.46984991548701	2.19987394951436	3.01505671800529	2.56777515182979	2.52396060698133	2.17897017321116
ENSG00000102908	NFAT5	1.38968479840911	2.89231700652119	2.07346862924857	2.06460495735995	1.96823752137991	1.6406343708201	1.38845610205661	1.82335337742561	1.75975565310254	2.01426737117567	1.59848905195002	1.98053495890144	2.0266576971239	2.71940021742226	1.53886021270554	2.05394732943937	1.41886227419999	2.27650033530279	2.7715049911994	2.8155351424803	2.93510742866957	2.0571280875585	2.54683281665268	3.04186692156088	2.67998472649657	2.0564672317557	2.87961974919003	2.86401898330448	2.19023171808729
ENSG00000103174	NAGPA	1.42116440540389	1.13808465973904	1.57373097907603	1.57899202759457	1.95235188362933	2.24883094913286	2.28045987109557	2.18985847718481	1.96286732320247	2.27203414606475	2.12934466125038	2.8114935334896	2.76092619884303	3.31989852811001	1.79455588210947	2.67538315340699	2.67188025616447	2.9633737446125	2.97570589202707	3.58787124327724	2.68568625504364	2.65157003052267	3.69143279485055	3.10826281898025	2.98537762930574	4.02134587551877	3.31204546053021	3.3670837501752	3.47467792190109
ENSG00000103319	EEF2K	1.96822506281842	2.1906096862178	1.60484359784205	1.64931756311766	2.13103091317555	2.19128679473793	1.72354384126106	2.21948291708181	1.9980858225747	1.61039141227044	2.53198327879584	1.71361105433313	1.33172519505045	1.82100929652411	1.52996910950382	1.52083200841808	1.34045733960782	1.76805702026905	1.54483771303154	2.17869106900249	2.06282945665965	1.636680960749	1.99051544042338	1.85387842669844	2.05639843424615	1.93017890387592	2.22846205873863	2.01249557039123	1.6757664075213
ENSG00000103489	XYLT1	2.3609283079914	4.08070140826431	2.02294354892962	2.14775154281384	2.41557135424086	2.13582987244341	1.36031121347719	2.40648774327634	1.69518551766619	1.96595555194097	1.67596287074335	2.00403494719859	1.3296442605262	2.99664891895667	0.77831101305438	1.56226826170431	0.353538043270162	1.6090427222258	1.50262263639821	2.12148393161468	2.23965803939278	1.07278842824462	2.08403423676674	2.557058968295	2.02875934975175	1.50364358784429	2.25084208148065	1.9126192118613	0.723627561505532
ENSG00000104064	GABPB1	3.730415454806	3.27072198125701	3.10584351629613	2.99191213933077	2.89775096171677	2.93397351702757	2.70215351292414	2.72724352629066	2.84176962618661	2.42469457236335	2.20895526002018	2.29104382603126	2.10851706958962	2.28586101199308	1.68152613250427	2.04516968377595	2.22021255911652	2.02724528465448	2.30370615568741	1.99153079365017	2.42948434915563	1.94868553027805	2.14044003768924	2.15220573041322	2.02436787008062	2.22310389622735	1.96833240464531	2.14999492380139	2.2997790916999
ENSG00000106258	CYP3A5	0.142541621285834	0.13542739145606	0.217180613945255	0.143520690557911	0.215068219094276	0.166320662593869	0.228725264305219	0.176265053317235	0.118367271777997	0.266768744319192	0.171314846281625	0.21183283694107	0.125902435949376	0.194159049405256	0.115581705835997	0.162169295465815	0.0933295473983693	0.159105516156733	0.216189101114947	0.268450361866236	0.159214792429379	0.11614417479372	0.0947539051222005	0.203151639018629	0.147670836167429	0.0605084282690004	0.162105188605432	0.168229865561951	0.173304612519914
ENSG00000106261	ZKSCAN1	3.40863672571914	3.64554560698081	3.59258421487141	3.33396900837862	3.53049443898946	3.25147107825417	2.41995179772212	3.49230933149263	2.5410000698979	2.9685639710154	2.30911535331347	2.32084354059654	1.19827184678066	3.1972452865291	1.86464396117154	2.20329013907037	1.19107380515935	2.01024235597359	2.50170064277504	2.53606723119914	3.14715615621639	2.42488789307192	2.77132598541295	3.1342383529596	3.33672491207961	2.28597421907549	3.13864919261341	3.06135828265645	2.20145221868745
ENSG00000106853	PTGR1	2.71916787319264	2.28954723488702	1.75646995214838	1.64387582278681	1.6722449066534	1.64036687260114	1.47765999030331	2.00523298907407	1.51089110459936	2.14468723785496	2.24668496709857	2.19752141583246	2.77974552753322	2.53210562184228	1.48674393400773	2.14487450647446	2.49222852459385	2.92657031560471	2.82953772557487	2.35412894814815	3.24751489609044	1.54061187701536	1.94980300184293	2.37672159211297	2.49640625374542	2.80227557261307	2.69957438399947	2.69610864230449	2.81208486638929
ENSG00000107104	KANK1	0.521356132227533	0.643741736099381	0.808654325361634	0.780678926968109	0.817219938403437	0.917267252195552	0.634999537654872	1.09546620757315	0.904762419180026	2.37290562899905	2.44065157815654	2.05552071897965	1.1895568146402	1.7708006806337	2.21280298435926	2.98899780691397	1.51601826740944	1.84009677896717	1.541841086318	2.42439774379807	1.97780577911628	2.87852966129068	2.09576404187725	2.00257829862083	2.95190200628524	1.97342815011439	2.21611106750615	2.26810340611826	1.62543547914158
ENSG00000107623	GDF10	0.993556462568146	0.603126971937129	0.414341241551514	0.34417104688909	0.782755384199396	1.63636789689223	1.63553026561158	2.88889653592404	2.43903497419432	0.839956882102099	3.33555288165901	2.80987969843361	1.99484084986566	2.23289944395971	0.909808644712281	1.69038384901185	1.93805194134	1.57433779432991	1.57454548805925	1.82305598703748	1.26739616599731	1.23155367826543	1.77572307807147	1.91885201991948	1.63869724217803	1.62072360098725	1.79810490225777	1.64911675015019	1.41345743328537
ENSG00000108242	CYP2C18	0.00962190684620307	0.0133532111581405	0.0137862945758658	0.00872149608404683	0.0169719947770313	0.0259260858925712	0.0220538062866209	0.0467123549549411	0.0624643177250582	0.0299866998462456	0.025406326090704	0.101879381543635	0.106690836912468	0.113019424733853	0.00366511350842379	0.0435138416674092	0.178672063749441	0.115532125567055	0.1045028100444	0.105463031319823	0.265844764774492	0.0490406037127411	0.0812992150952071	0.101395251685973	0.0800791393329706	0.139729748632122	0.107197304536654	0.109119029404889	0.110603567296862
ENSG00000108262	GIT1	4.5091087520739	5.02443514630543	4.88141817529618	5.03194449342561	5.32343639947061	5.38394604411815	5.28101100706335	5.52434728177267	5.32876205264619	4.66848910705646	5.43769253257711	5.38972486170078	5.49880022736045	5.58210070530068	4.72302839148668	5.31494592630164	4.84373923451953	5.42994044444036	5.30366461138239	5.58313066336935	5.32316175667161	5.28709823744913	5.55814569608891	5.43018658844373	5.46150533682791	5.62194693616645	5.38201704070188	5.21007554762618	5.07921797781827
ENSG00000108602	ALDH3A1	0.0701489308427532	0.046701269634633	0.0372274159961905	0.0433023306015069	0.0662557062911746	0.0706166044697226	0.114617866142559	0.108617679213413	0.0699991976939032	0.0456196515537855	0.125160843994443	0.121734674557651	0.333936835023146	0.156941694217295	0.120825112141043	0.0472911569204351	0.0800123616671478	0.277795596258	0.134803599218874	0.120999042206249	0.0543933155931428	0.255825282290247	0.104416677635677	0.0924533398395519	0.105558687654605	0.155515042231272	0.14127167807744	0.0576540226136698	0.0782647017082092
ENSG00000108788	MLX	4.19199039726872	4.18639753771721	4.20631958375387	4.14837912309333	4.04288963921184	3.94379447836888	3.86161578900935	3.84643140033794	4.29433795971413	3.49348065399268	3.98939730089753	3.92712808711278	3.9717803894177	3.71149615938179	2.54115970475807	3.46730211103967	4.38133457682398	3.98958567545975	3.68656483262314	3.62940699765841	3.6229589748505	3.18699293237893	3.71993819751325	3.39189107914906	3.34061819578985	3.74881762209107	3.53052811738372	3.62421163439887	3.81479249412624
ENSG00000109181	UGT2B10	0.00552900560784063	0	0.000137178905620478	0.000674587754972577	0	0.0017121904643478	0	0	0	0	0.00119302601635525	0.00240318354841841	0.0155451903626065	0.012920297905315	0	0	0	0.0213137638590085	0.00507941917450152	0	0	0	0	0.00210933125314936	0	0	0.00242956236593527	0	0
ENSG00000110367	DDX6	5.09485571033234	5.16791129956561	5.08401741356541	4.79124089134956	4.84750678164925	4.16178484741486	2.90555639768307	4.39231385401295	4.47801906080711	3.42819574017687	3.52489073272608	3.24825873905327	3.33191368561737	3.77562744782912	1.18919230390568	2.6122561620249	1.75389265900309	2.99832971488933	3.6747530578457	3.49623653313473	3.98849830004218	2.34180087604757	3.4783943746036	4.15646481898456	3.53873610121318	2.7422700568937	3.1931546650825	3.48628765034168	2.6395450089949
ENSG00000110422	HIPK3	2.71987381945662	2.83412813601244	3.26359104237106	2.75168771193596	2.83432046305474	2.5280673737437	2.02606491371302	2.8308003631094	2.93124793080769	2.64354065082546	2.99702802932809	2.97631357379864	3.25147645340996	3.30321919678708	1.82175473775456	2.6148109499346	2.63972971980644	3.24845246708524	3.65558235187337	2.8045602693951	3.49667068025641	2.3698774533553	2.85495515831606	3.88069655476003	3.14205491248469	2.47344000659499	3.05262900556179	3.10676046812504	3.00747944848301
ENSG00000111275	ALDH2	5.3036473999159	5.05141651501683	4.69343550130071	5.02154142026721	5.03534454104227	5.12781299684837	4.93486139913467	5.20483574496551	5.39572933176093	5.29431095798606	5.6724253419715	5.66159793852638	5.59033865459191	5.41833600641013	5.6724253419715	5.64031350189591	5.6724253419715	5.6648224668865	5.56329582011093	5.6724253419715	5.54016298670698	5.6724253419715	5.66479047044425	5.64825476006204	5.6724253419715	5.62331340271489	5.63209372143262	5.66180662562298	5.6341949727546
ENSG00000111860	CEP85L	1.48721913228752	1.95891971288855	1.98990497077651	1.70309653194823	1.52502339824836	1.45678484147792	1.05172505026301	1.58012427183918	1.09902208615451	1.71017982868025	1.03313940221485	1.2731541222776	1.06493099748383	1.19536742676205	1.04429915567425	1.3706413124452	0.871000583996394	1.00393726670132	1.03701238061698	1.16051374756018	1.32309357049425	1.12045561040353	0.831067602578647	1.20354712724235	1.44133759287052	0.562563591049596	1.00507460050284	1.25298400328349	0.884929179644415
ENSG00000112425	EPM2A	1.62627588554898	1.59529494526977	1.47248538029647	1.45399312755826	1.47553737748942	1.55533665129329	1.33534810894502	1.51671646633067	1.61843126652804	2.0657894645462	1.09869809449205	2.04698072951983	2.20081988156536	2.10451528310995	2.04707816853568	2.38062971726163	1.92628103110841	2.3643545031089	2.49247262218986	2.30260405806388	2.31938780812703	2.46097475136314	2.2238066247714	2.43002713616578	2.39883005451419	2.13330820702086	2.29996624753437	2.36933518313899	2.52821886177004
ENSG00000112685	EXOC2	4.08452978756049	3.95772628867842	4.21190270259619	4.23266073800446	4.05483536656219	3.85579183399265	3.2967241870396	4.10645041086011	4.1091127114203	3.25679029366722	3.3557135881675	3.21841186667334	2.95187797940344	3.3840745548424	1.89288893544329	2.88830881518854	2.37494863173615	2.8196498647468	3.36366891037509	3.04645694166798	3.40157797344973	2.54406814167409	3.35004788886199	3.57329047599643	3.30353023049434	3.19149667178238	3.0848180464351	3.3096046273728	2.81131442124539
ENSG00000114302	PRKAR2A	3.89701041704392	3.71543131341438	3.79674618228998	3.44928541886747	3.5601166039591	3.43686037412954	3.01826707520601	3.50083232530118	3.54272257708395	2.73606333380234	2.70734864714944	2.6288500489392	2.15634634506049	2.67378081569108	2.0183946500059	2.19682725870761	2.08715856622324	2.06111002019337	2.36790105809686	2.36476051522242	2.80039985640634	2.08168468006486	2.53064491784543	2.6805106197612	2.60026648220117	2.23955206892549	2.50316702526356	2.62862613469933	2.4575550264818
ENSG00000114771	AADAC	0	0	0.00143284217064171	0.00263335590556695	0	0	0.00813262079344208	0	0.00493613608380686	0	0.00341188268194632	0	0.020314895529064	0.0166997774629095	0.0148680293716109	0.00285804861886956	0.0293863527158621	0.0452420119178788	0.0183892231495676	0.0124585111945596	0.0253430358671811	0	0.00628769532170018	0.00386282649833474	0.00368335716502107	0.0190107943078799	0.00556331469849191	0.0120715484515877	0.018794701940265
ENSG00000114861	FOXP1	2.80195570854942	2.9040493577001	2.33123349913031	2.37430202708106	3.12257892840791	3.40672190699773	3.5447155401802	3.73202784149913	3.57062681520483	2.00074839431127	3.20951492541914	2.49472385968791	2.06883185240627	2.79571810132816	1.47674280339974	1.94772310963061	1.82914922206514	1.89151713338164	2.41474439847149	2.44352146345791	2.64714271224648	1.83737210472793	2.28891104141261	2.48022106684366	2.27113014744099	1.92680520471267	2.2843471567703	2.39163907437457	2.3690205286566
ENSG00000115129	TP53I3	3.27679585464547	2.71720375828498	1.70953505144326	1.66569820030175	2.27309584842403	2.72647512656078	2.78241963750107	2.57317087121341	2.85189933606521	2.50359049718703	2.62190406604015	2.33798185789594	2.34497642191935	1.36005306531629	2.24965437477081	2.42193423647412	2.63834578888046	2.05806178026339	1.39561253917799	1.47063427291554	1.12074393633381	1.79229069288287	1.33639547736546	1.20277340069179	1.37491588040775	1.22235711338997	1.31193252352681	1.30694135505422	1.40763508241411
ENSG00000115145	STAM2	2.7423572909476	2.68794586958787	3.14606926478756	2.7599327890328	2.64649871406579	2.5798055699985	2.12623632807199	2.80551310742482	2.91513565421634	2.41366348899636	2.29536579466148	2.47568007924029	2.4172969535345	2.61032800303964	1.41782265556427	2.11605483556853	2.11589821851247	2.4718607418348	2.45321425204811	2.15725907639406	2.65751664470469	1.83735705867065	2.03907566006547	2.75020182790547	2.42153658085296	1.62443516451552	2.04696926652578	2.22930846584602	2.09539325958561
ENSG00000115306	SPTBN1	4.30486096247692	5.27736099233754	5.17455132230051	5.45246208898201	5.54773705863812	5.63354607332232	5.26551912780242	5.66968098456901	5.61584147878754	5.52250955970231	5.62433914384678	5.63940260119328	5.6501059325919	5.6724253419715	5.08750978582953	5.66727795723456	4.9866653559791	5.42648036453785	5.61716077308326	5.6724253419715	5.6724253419715	5.61901797496079	5.6724253419715	5.6724253419715	5.6724253419715	5.67231517195734	5.6724253419715	5.61335195225948	5.41189640480675
ENSG00000116353	MECR	2.14225874245527	2.10763563774718	2.11954697632061	2.11545591149073	2.23092193437608	2.45910962771962	2.49021762225447	2.43131927927927	2.58444500139447	2.25214878302741	2.88135235350491	3.18772020242042	3.16746899407894	3.07832815828946	2.2184423768768	2.53517165061669	3.62940262988264	3.24974760119086	3.19461390964145	3.06584022596779	2.73530951436767	2.70511549639188	3.23218818051058	2.86857512314719	2.77897973313736	3.45141506085232	3.10324181433242	2.89192804943919	3.27381856137394
ENSG00000116922	C1orf109	2.6448125744879	2.56203363424485	2.42218102810234	2.3062967857225	2.26164413063504	2.12403630346796	1.73441719671387	2.06129230695955	2.37714251338728	2.00086798239788	1.94220211093417	2.17137646692725	2.18582909199026	2.15036452278588	0.933561687496292	1.70081076255846	1.90268079424718	2.07187655665407	2.25864417260445	1.97227617016191	2.04956312378164	1.52207892681282	2.26688103335043	2.07859463149631	1.89415981761548	2.25930406868625	2.28318352048558	2.34673542301487	2.22902608951202
ENSG00000117448	AKR1A1	4.9708819041354	4.84844595418329	4.99847611015999	5.10403247848537	4.67335541139404	4.51837189265285	4.75118074721005	4.14791602445623	4.72608477903445	3.78351196999702	4.58476178589892	3.99367118642988	3.89946830233839	3.57230083123267	2.9378222510132	3.50899912831838	4.54075974253728	4.03615423008068	3.90179848353056	3.78049741021054	3.53564443425623	3.42979557347757	4.03308860432325	3.49170089548402	3.59574456791213	4.33120101497258	3.74333826804029	3.84648743025586	3.84385802651603
ENSG00000118298	CA14	2.13432818174116	2.36177681772729	0.883476599373562	1.01950340412169	1.17974549676236	1.26872786431255	0.977816819635298	1.07584944535159	1.37349205998737	2.78329396772603	1.59037991816966	1.69688109059373	1.24638424748833	1.96276516123054	2.32799181743504	2.44694313224707	2.79560144521246	1.96874452185865	2.5056051180328	2.63597512906891	2.51749422182209	2.59978908634677	2.96641411388881	2.49616213977352	3.18381661316387	2.87332092062091	2.34969874074491	3.004544148612	1.95027061226561
ENSG00000118507	AKAP7	2.482801706786	2.42199262929209	3.39799931065606	3.55441171980408	4.06825327620972	4.42655283594754	4.26198163452256	4.66753334725503	4.74719526627482	3.14190772564293	3.50464357257976	3.67498785497705	3.25116339677583	2.7970392748587	2.22695072931135	2.90719882332032	2.80328918903858	2.8187338376396	2.78167175703024	2.39586067713097	2.55891783042973	2.3754457061081	2.03072991143523	2.41606078549028	2.4937203545875	1.66461531972599	2.02837772212212	2.24354861113309	2.49711266142964
ENSG00000118729	CASQ2	0.195994124854688	0.213468709767109	0.0594865272377589	0.0349364520137995	0.152698038109433	0.0726469492529029	0.0267471699819195	0.119887616083929	0.193056085615729	1.0938608354845	0.735492008612854	1.21785919467999	1.49972306202658	1.35621542130989	1.11079672460708	1.70783952956872	1.32436720805654	1.1436280133714	1.14750984762787	1.11879271637368	1.29824791455643	1.56241948017555	1.00473428223996	1.45330426686229	1.39317992404823	0.935733384456523	1.3018879580365	1.30825963729244	1.44692402513042
ENSG00000118777	ABCG2	1.73405202833869	1.3194591852916	1.59344815702505	1.23746099061413	1.86128452409278	1.40543939129697	1.16625369567195	2.20060374820336	2.73063736319934	3.8691825609617	3.2328114282969	3.74832919705675	3.23828531154056	3.44952747832627	3.57565645876752	4.58275502954725	3.32629188178929	2.74633755466178	3.76386102676807	3.48929805393162	3.45684292124889	4.13119177895066	3.37079790384298	3.67869003718692	3.83736357466588	3.27289524908708	3.17189485544995	3.26455355075552	3.15723511646609
ENSG00000119711	ALDH6A1	2.62953583932999	3.01948399415522	1.89460020085793	2.04155648632578	2.10806759488533	2.28005324610887	2.09300306165871	2.2676694340171	2.60914658297306	4.10412539427065	4.6928224729123	3.97898604746774	3.17432329393963	2.99521997373738	4.77964301207101	4.67534280465149	3.47956631094824	4.26878288858207	3.78457124246096	4.66349207208054	3.78416044978875	4.98354586111821	3.86439071438262	3.97626120279968	4.95638382259664	2.98531150413121	3.65351064666655	3.80296815502094	3.92549116937466
ENSG00000119772	DNMT3A	4.04204092168641	4.13668681716731	3.41302247707888	3.53449831691664	3.11944588182885	2.90405437853677	2.60040665992157	2.71678689582721	2.0678539413726	2.27898313732835	1.81458235707543	1.83537915697826	1.50108006381994	1.74811488928976	1.22747593329944	1.61532632707863	0.892935943564652	1.02292608721804	0.997260572992355	1.5435765273597	1.39948629430927	1.30605045819811	1.36738496300816	1.24626270506575	1.5060185914192	1.24209387352748	1.56951786449123	1.62972275100851	0.992571624957089
ENSG00000122729	ACO1	3.60017806998919	3.66284265191535	3.09446330473413	3.26652340621207	2.95030806871609	2.89302105433046	2.28969748383451	3.10080979161789	3.23755342994763	3.46891035556636	3.68505843806882	2.97417443285038	3.05837524792926	2.51109838552295	2.80386335949705	3.47850162517142	2.58764426563335	2.83893563120365	2.57071784016252	3.09287048114942	2.79749241182085	3.35015561291854	2.56569444765163	2.76914055082108	3.37341230146118	2.52705084370077	2.79505191701495	2.87422846747547	2.32572650072359
ENSG00000123607	TTC21B	2.65637156372189	2.75374642354334	2.48928271373818	2.32713157215651	2.19122775651512	2.09198675950819	1.50790916292682	2.02463342563101	2.032720014709	1.74490910352312	1.53681014048181	1.64113770038522	1.77523150898072	2.09281337268914	0.92477915962531	1.52187650791615	1.26308475369096	1.61098059011565	1.80432433551179	1.70162363629976	2.3474188247426	1.2926275647079	1.97337460598577	2.18758718948113	1.85904312501637	1.6576738006019	2.04470530900979	2.15587659948813	1.9382564952648
ENSG00000124562	SNRPC	5.40314780433206	4.8480714333008	4.71040311123744	4.79353439566377	4.50172702110862	4.50830985078985	4.82718370454601	4.31404927439955	4.70069304442824	4.31484498223655	4.48047979115856	4.23257296344438	4.33450617929846	3.69169903236758	3.78569552665655	4.2012005573448	5.2794186438473	4.24639530850717	3.929484558989	3.77423066707293	4.01935696500608	3.94955959151255	3.97525623188593	3.61121971455732	3.87897301711253	4.12831100628002	3.74494064863134	3.7621288538275	4.55220432924183
ENSG00000124721	DNAH8	0.00580746151967783	0.0087810726247664	0.0100425834205431	0.00641378602689808	0.00461479643707676	0.00521149373198393	0.0022316997332908	0.00849821872397978	0.00539142028914065	0.0116705367697994	0.00651163462921501	0.0123943010295546	0.0191549294306405	0.0269244162067101	0	0.00656000025984154	0.011147947401555	0.0361039166699049	0.0243622220970456	0.0214464301477612	0.0306938775699291	0.00747893383012409	0.0237344261601232	0.0358927115221673	0.0230215444725779	0.0179760756084151	0.0233621096450968	0.0271325565904373	0.0194709134677685
ENSG00000125744	RTN2	4.1809884287963	3.93594638283257	4.84051303545875	4.92279235338755	5.13384660718386	5.39450485305298	5.57975516757334	5.22498532850213	5.28668408005216	3.54302493245211	4.96705199911347	4.88633678759621	5.17319707767893	4.87104551075496	3.49455891517849	4.09178276213102	5.1867311094577	4.89654337875823	4.56210825541157	4.73766020167497	4.24529486296869	3.89180509991208	4.96822929380324	4.50553880505168	4.13776609434065	5.27836303868996	4.46763695482487	4.33754958201719	4.78089972415388
ENSG00000125779	PANK2	2.44936657017839	1.97467874177183	2.10920913208136	1.98662884348395	2.3378524443813	2.61993217712478	2.53845430385917	2.59317841515772	2.27599232907887	2.14225348890912	1.81707398004718	2.53189468314059	2.87842163029446	3.00641584186344	1.96411986033047	2.27377597608299	2.50224423938909	2.4593695389663	2.93147275913372	2.59678973024924	3.0556407050764	2.32523103315971	3.00629790117308	2.81837626367708	2.63426846897001	2.81006535152639	2.98135273341062	2.9165539956256	2.74198122170966
ENSG00000125967	NECAB3	2.06915228496077	2.13991148306667	2.31736670689442	2.42963036365786	2.71001711173382	2.86899061221678	3.37074281518283	2.9308173629539	3.03706166295687	2.64602140696033	3.65871373350761	3.9461270906949	4.55511720051643	4.22560475414787	2.96460938694407	3.52246733928886	3.88363176917004	4.12375462243607	4.04285235419729	4.06297566524938	3.45492997517829	3.27167632262677	4.2049597853226	3.75244691692604	3.46672874546471	4.61763035164574	3.7608181218554	3.55410248944211	3.82657401222671
ENSG00000127337	YEATS4	4.51934762880582	3.94345873477165	3.98237513673942	3.67802650797132	3.37314734742541	3.37554033327099	3.22120154802666	3.48275727189039	3.81757872904206	2.90916386874615	2.89635024679744	3.08246352428451	3.59213693441293	2.99635780148406	1.8210284033866	1.96756223334866	3.84993133279619	3.51117317713399	3.4307810646013	2.42581950345201	3.26173485515849	2.03069375245466	2.32422929221079	3.17374184535888	2.62576846133716	2.22237624862549	2.36757217916763	2.69232068476501	3.54310240678098
ENSG00000128573	FOXP2	2.21432608381707	2.12313489019602	1.62414147571269	1.42319658983315	1.70615950201624	1.64140750984254	1.35862408735407	1.80121377475652	1.65131860764221	0.233362008178594	0.880638789856323	1.05183713743995	0.991572477511108	1.5329563156804	0.300641520905774	0.524655120743394	1.00010997458998	0.798921050368041	1.30269981697687	0.738102661223305	1.13812030985667	0.296843983682492	1.07481139806964	1.14497715130019	0.585461532524041	0.738392611269279	0.918771126592298	1.0864411729658	1.04563635886749
ENSG00000128918	ALDH1A2	0.505918335837968	0.383609394821171	0.217242969276744	0.0592677615629895	0.520699810950059	0.120711722203078	0.100899033928945	0.122985425613352	0.408535809820967	0.140401958155654	0.622787453664188	0.628563519893128	0.647829772898225	0.717848816814219	0.183014596047474	0.363049359005692	0.236031072246124	0.549862092317257	0.6446791920157	0.494008559411173	0.588307650465114	0.283577587976674	0.608541816870648	0.563446042301448	0.473403025288511	0.611376962166191	0.606490395770903	0.729062335490917	0.388892340747732
ENSG00000130147	SH3BP4	2.90847393915607	3.24807836212443	2.65364720665184	2.45824080853987	2.2386981395236	2.13159415454553	1.59330875692026	1.91996361723351	1.87074642366709	2.8326580614906	3.12791661487002	2.19864426101726	0.916418372300046	1.81919635447664	2.16820102417551	2.69636324535482	1.45250414795146	1.56368250995271	1.77029564098874	2.16264844034809	1.96085036061975	1.92865103709492	2.02924506762392	2.08796781563983	2.44727944951933	1.81675802692999	1.60451772950925	2.03462459796866	1.1207094560282
ENSG00000130529	TRPM4	1.15272447827768	1.03261918202848	0.968528368374526	1.225525083181	1.36658197689965	1.62242395270482	1.92886532369398	1.69187366888202	1.3822054161446	1.57020104941926	2.97912286809838	1.86979994997776	1.52663474655653	1.43798328088877	2.14464919841955	1.96535282006846	1.17517230926552	1.33948091109247	1.11357511952947	1.7163280375452	0.973743920852429	1.88415937115094	1.54262642063971	1.31598173062769	1.67044479455681	2.01323044934304	1.49906615404201	1.42070016679115	1.33051984716846
ENSG00000130649	CYP2E1	0.119091272814965	0.310128912182304	0.690666986424512	0.658629742787813	1.01651113696204	1.55328481276129	1.40004428206294	1.40025694650202	1.44760933152437	0.488895453046765	1.4864219865894	1.43585634399699	0.977911971458366	1.1285757805656	0.398830889650582	0.923054303532427	1.48703307701798	1.13322930856065	1.27867542338796	1.55591408849941	1.28723293378407	1.08030752951087	1.56670899298309	1.2355313891209	1.26468230499471	1.95344570649002	1.78477373223675	1.70998312086725	1.60433930740618
ENSG00000130988	RGN	0.911570967608484	0.792552705340963	0.765595081225498	0.709057363062579	0.925805834133876	1.20875564608371	1.01716494761461	0.928273805486651	0.998241553853392	1.97541508633245	2.18468834259699	2.17434961011907	2.33338058104674	2.01539328715873	2.70545329972541	2.8005435033784	2.92140681739856	2.49347950692947	2.37993065305367	2.82164264709758	2.82606179092001	3.28642647415403	2.48819318735562	2.20134755674207	2.85596960713647	2.37696468959961	2.59585013635759	2.81009098146045	2.58717971872448
ENSG00000131791	PRKAB2	3.21310868796816	3.74277012571712	4.15494867022518	3.63672469476117	3.98920268519732	3.75649295334301	3.43871492845284	3.78789312162254	4.15901351682655	2.78716235106595	3.53671097088024	2.7783195197641	2.46836789781601	2.62301030797124	1.80508338355438	2.22997209664735	2.52564822624562	2.66659826400063	2.57000847724809	2.40437458136872	3.21020972073247	2.28118315666896	2.66406564017505	2.84522925162281	2.45827339960981	2.58000201426902	2.72108364527044	2.96486378092316	3.0020406798381
ENSG00000132964	CDK8	3.89239347738157	3.67226411367574	3.77022088454058	3.57136448252921	3.09564693709084	3.17834980379421	2.90431725173475	3.05485426475872	3.14511374540515	2.35936981641682	2.67840151666498	2.93090512477529	3.06828389417987	2.75347884902659	1.21660130409776	2.0668422501579	2.4098163078983	2.56374716569823	2.74176464127235	2.2954867058544	2.73293746202891	1.61248018083951	2.32358241446621	2.53742904354067	2.19876618996776	2.05480946802314	2.35732829209577	2.4237946113261	2.21152412521351
ENSG00000133687	TMTC1	1.56994118136922	1.95607161874124	1.12035685828334	1.03096266728836	1.43996528473518	1.27713905646457	0.825792396732362	1.09167502341899	1.18047282697617	1.17886866629086	0.864342565646655	1.80375066449191	1.92822551308875	2.85632993271762	0.467364898824337	1.07747618636315	1.56886573029217	2.02162792334666	2.39932144566235	1.75583721630512	2.43967155532001	0.951427518821699	2.15699383129855	2.83581789847093	1.84712632883873	1.84490295130134	2.14140829805125	2.41028877144331	2.1552659435262
ENSG00000134253	TRIM45	1.28709111724108	1.79935752902799	0.958097880517376	1.04016846779272	1.17646614314704	1.53795635642021	1.30181522610784	1.22034609014481	0.848989389245596	1.19599329290619	1.25428173218086	1.09466432863941	0.503161026336929	0.849961298159313	0.780501752977255	1.0125926174583	0.779170018796713	0.710282588098016	0.68675440587458	1.20004519811547	0.868235273825353	1.22437586111802	0.944401076681212	0.601549802839064	1.10614789355599	0.941196065375444	1.18955230741576	1.19935744406371	0.803309991810735
ENSG00000134769	DTNA	1.40908278704878	1.88242764237275	1.52530260535747	1.50073917797736	2.21026238123801	2.41396468341229	2.04191155771504	2.83554052672474	2.74738730956669	3.86826036255665	4.50863787154011	4.42792285624437	4.1559842149835	4.08137804865655	3.84257852207256	4.95472720937426	3.74909702950327	4.48313374632304	4.20254261001189	4.51745037139373	4.30942325921949	4.71318022875794	4.12278905918655	4.32087946317466	4.87955160225335	3.78530748469257	4.30780640668821	4.52469008700132	4.17722991373275
ENSG00000134910	STT3A	3.82846438219452	4.067699699827	3.32238628677014	3.447546417471	3.44298388812659	3.21696983877115	2.95752996178171	3.26309993383799	3.58173671407357	3.06622666788721	3.27928384266024	2.66480135302455	2.48405000442995	2.74745168943973	2.16717985993747	2.82080328050658	2.30560964972119	2.50730388296989	2.56752019119621	2.86382399075628	3.12826187946488	2.45046190931521	3.09837598529919	2.85206198104066	3.07151878275244	2.81104187274943	2.75119315337682	3.01000037629827	2.39907314721873
ENSG00000135220	UGT2A3	9.73293668572087e-05	0	0	0.00134641597757574	0	0	0	0	0.00420263728602493	0	0	0.000662141165035212	0.00473024570761992	0.00624819433596561	0	0.0043138163967908	0	0.0114860105354037	6.65485782952191e-05	0	0	0	0	0	0.00164892765054743	0	0	0	0
ENSG00000135226	UGT2B28	0	0.00149598355080307	0.000531010258950697	0.000861734646727806	0.002720876278921	0	0	0	0.000965029815573392	0	0	0.00115430220732787	0	0.00625765868381485	0	0.000775494763149536	0	0.0128035263490691	0	0	0	0	0	0	0	0	0	0	0
ENSG00000136883	KIF12	0.162485112047661	0.218868489329666	0.146323758049671	0.182937646073768	0.35374499022284	0.532214203360893	0.405429609227496	0.620235574886675	0.306901159808427	0.744526641919635	1.19258594844537	1.61725137099844	1.79681626997325	1.3855464550156	0.77848691280109	1.12922287858977	1.50459002120189	1.12436665383319	1.03058441950003	1.14312281511184	0.703471488741106	0.765406455240994	1.02258832944787	0.739647506900554	0.666703223072492	1.24132308056194	0.973882109993779	0.683455087010038	0.74953563200638
ENSG00000137098	SPAG8	0.8982467487383	1.10923816033656	1.20275736193623	1.31220116855569	1.45568574522	1.94923624135044	2.07289499357291	1.67669816283463	1.42434119676903	1.8377033019015	1.93502372679289	1.71610845745035	1.24420433259922	1.32555533103735	1.67149540206658	1.7225849042386	1.88529411894314	1.49834841546823	1.35986306075992	1.67459480959031	1.51099442395736	1.9402984344833	1.84116125262843	1.15927276232502	1.58924752706841	1.86668920527992	1.91325468340755	2.10287464797734	1.86734284199588
ENSG00000137166	FOXP4	3.75119272321089	3.99485430331248	2.61475672004878	2.76285912216802	2.89395869653287	2.74912019333219	2.30181998709947	2.35959139918017	2.00523888929285	2.23367434107712	2.29983141738818	1.64621464688272	1.73379528020695	1.82462726244167	1.52116707688228	1.91135339126406	1.31620202534054	2.00731557673662	1.6848850026468	2.43849759071239	2.0173621777816	1.93776277142581	2.3540059592244	2.32281400297276	2.23115591217903	2.85008477679949	1.89031693424423	1.93996365163996	2.11224885827167
ENSG00000137338	PGBD1	2.89232828612674	2.68645990294147	3.0544525982577	2.91315315504719	2.98036341147983	3.10724744285311	2.76436504711865	2.89615326896315	2.78983968761863	2.10416842558844	1.71343662303413	1.68277065105131	1.80685698973604	1.71814357149708	0.887355629249912	1.45657652951886	1.57634647122988	1.45958774046974	1.59794517855128	1.81461246520026	1.90490556717004	1.36623392181577	1.83615617526305	1.8211125255942	1.75882827780068	1.75259828638914	2.04126164692648	2.39152409496922	1.83116823501202
ENSG00000138074	SLC5A6	2.87248041955245	2.60488297682741	2.54597106080592	2.35723737089892	2.62305051773925	2.60279912308939	2.41925472105104	2.35979413513536	2.61771023116917	3.02326759731778	4.46629114506397	2.69465211319082	1.5827102395736	2.39185987163903	2.38060988706235	3.4314978041444	2.41219073794128	2.17918353529186	2.02433737776057	2.63734690771891	2.35645959001105	2.61805283945987	2.95408587803264	2.32717308462775	2.62814562810414	3.32302588500313	2.8087893332634	3.15344102235461	2.30862743290377
ENSG00000138587	MNS1	2.22604470050672	1.95049542317893	0.918454561391762	1.04445986275054	0.778299787256005	1.24016624144935	1.07651122867316	1.04290265823515	0.847625013411814	1.51882430645785	1.45988863570708	0.934546196226252	0.785142908678134	0.950576459536645	0.635178870192545	0.938492723319525	0.933883488947553	0.927694049630543	0.799459188452823	0.866779645320368	1.315427323812	1.11351994039917	0.894957301736609	0.938013948766304	1.31169626973762	0.617400390899923	0.918297514567298	0.894525450192759	1.33836961192613
ENSG00000138593	SECISBP2L	3.67728775247136	3.81194314147291	4.39175808657054	3.98340507946115	4.03121924713807	3.72250042925113	2.91729178000345	4.12606495440506	3.8662410349359	4.36544866495949	3.14392299789801	3.88797669441631	3.2423185506592	4.9278930431297	3.2466329742016	4.05322837893804	3.36288749267637	4.05726337108486	4.75799774700827	4.26931797535668	5.19503042724606	4.13264318972121	4.41002445004739	5.27160059821513	5.05926416455442	3.80636029103866	4.22865486528073	4.53873121510998	4.24915425708631
ENSG00000139436	GIT2	1.60822650320828	1.65868620536009	1.76063393639559	1.6663010357712	1.94165538112941	1.90145260438249	1.45831835000487	2.00688279930139	1.80165134786077	1.76525043362602	1.80142784015934	1.68761582014931	1.72900803744833	2.00497408604541	0.964296762922947	1.7911439685349	1.37779242680416	1.67531344839576	1.71629239297441	2.0451809013813	2.22998185516892	1.55973988231507	2.10539401893383	2.03448170651815	2.0554433696048	2.00490400842436	2.35953689822202	2.52817721182831	1.57246547016239
ENSG00000139684	ESD	5.6328275414904	5.63365667886848	5.59970381522245	5.55830486719283	5.34492376032859	5.3023695894053	5.29139690617875	5.19332392290208	5.59871341748493	4.80474664160749	5.16434260436348	4.8399294794613	5.10263151361356	4.70927865946727	3.97346386071904	4.39024819883081	5.4253551012122	4.96782737068859	4.94226193017615	4.59805707489607	5.0677718156174	4.50687106407268	4.62178839147229	4.79743092563675	4.6407988176062	4.56461133083272	4.7055527662373	4.86112453394626	5.28954807057505
ENSG00000140043	PTGR2	1.26498585920901	1.27818242062698	1.18555792513443	1.09459278247798	1.16109097110544	1.03370913487903	1.10911508612388	0.997548709272732	0.922510765794865	1.78331170380703	1.60865196492249	1.38145979477473	0.777156447985832	0.995737346981881	1.62334989267141	1.68831753364171	1.09180277859965	1.22848360601854	1.25412698601355	1.46772838302715	1.31646022266256	1.79917605717753	1.01517407642936	1.28163787841896	1.59920423011969	0.949315011507449	1.18596909188748	1.27622922547694	1.30500692638143
ENSG00000140474	ULK3	3.45267727648481	3.93884659354032	3.98186486830382	3.93504558719509	4.27590357206077	4.55617338814032	4.51504210086538	4.43585705930985	4.02385051897028	3.95179194331839	4.43733666747001	4.42260388898501	4.42449637270835	4.21584728774185	3.18177557440982	4.03599262582986	4.36442110361719	4.29579384546289	3.85257966604134	4.62605608984799	4.26135391454954	3.93513734147369	4.59678512719475	3.63389121228225	4.04304889839971	4.84109092896361	4.59329460686224	4.73100716496993	4.51067665355374
ENSG00000140987	ZSCAN32	2.0910160420342	1.97518538963385	2.30006123341559	1.9389133145141	2.16955268477968	2.17005397047806	1.86389376901953	2.11338259748775	2.06837261753931	2.1020541533471	2.05015236264047	2.09006707603822	1.8309015599254	1.94403082644915	1.64234014808153	1.99263648063705	1.91475098731114	1.71854370521284	1.97401673697151	2.14663892833877	2.07531953440147	2.07373272544063	2.10637967759907	1.75730360670269	2.15743499232952	2.05975375407715	1.99812871167962	2.31871563888377	1.94430793894982
ENSG00000141627	DYM	4.25203245504574	4.59197009158159	4.47973443918023	4.4371311185871	4.28020762789218	3.8765481971336	3.60313311833981	3.98704260015898	4.30072071257401	3.03963267511628	3.77205807467901	3.31968749094269	3.74054048101457	3.57758670293934	1.98285410511713	2.85387743929731	3.20521819440034	3.34265724963058	3.57941916182056	3.19868441130198	3.8650328927558	2.64478618828666	3.53721585838451	3.7838042520899	3.2297467721237	3.31264788911922	3.33320594255095	3.56240088523232	3.13832095365803
ENSG00000143512	HHIPL2	0.0156589045152804	0.0293143707470376	0.0153903782999362	0.0151741082802051	0.0434142260180531	0.0716004014844864	0.077231853223637	0.0420314546620776	0.0263511223780866	0.230481525633382	0.171661797162052	0.174427142556973	0.0298729744006108	0.0824396137075157	0.465336783225442	0.165551117014804	0.0727778472233532	0.0210096694300275	0.0198526986305852	0.0594976261963328	0.0171376419460706	0.0468405356513792	0.0579708655725466	0.0113652033769501	0.0257661824752261	0.0328629463119706	0.0774498121544799	0.0679327901341379	0.010427509947732
ENSG00000143627	PKLR	1.12371935276595	1.75699813858004	1.36418042513286	1.48300595269233	1.84043516031944	2.09301258011541	2.70525201776219	2.05009416155871	1.79948015048772	0.951078091184567	2.32809768198127	1.11432685300429	0.728683902641591	0.570615758435633	0.587392059251904	0.780799770270087	0.85070702108002	0.59209274509037	0.575037813914413	0.880357152372242	0.600516729238545	0.988490843244063	0.794010895895998	0.470561725079485	0.823504693691012	1.04198786530235	0.925760577305934	0.897889540145452	1.14111389641862
ENSG00000144306	SCRN3	3.06371920059824	2.75197425980265	3.2207350290971	2.96483442834226	2.82474092868578	2.8884509186861	2.41376047975228	3.09846552522117	3.07275343405267	2.77503163044236	2.36769251162256	2.93320829519823	2.80536586644628	3.10120422912275	1.77875167386144	2.53435075505564	2.93323820641872	3.17560846108253	3.03250974302367	2.70326813626625	3.22653629867805	2.58267176679145	2.95867903294272	3.22499020639333	3.10077798509279	2.65520464553711	2.97902353147199	3.15603471622911	3.13781917276359
ENSG00000145819	ARHGAP26	0.627854721287321	0.949236854020213	0.965327971544801	0.930829177436082	1.07548613041462	1.02125092571259	0.639467511354899	1.46652785206559	1.22884670741528	1.09007793093532	1.43952262771416	2.25371441280712	2.09807262335748	3.51592416806886	1.31302285823288	1.77715116343731	2.17490272512361	2.8610912723094	3.15146698585002	2.81882930923262	3.84892720602517	1.86587746524904	3.42392776886185	3.573863770967	2.86118280708128	3.1796426250476	3.48733479585808	3.61162348586299	3.19233980620221
ENSG00000146005	PSD2	2.80988978036167	3.27547000539785	4.0795800171667	3.98315904035678	4.20013324804749	4.28331521398403	3.75133603923014	4.41670307197619	4.30439921911562	4.8401372774736	4.55324264952182	4.83017574487128	3.72371651421872	3.8980819571073	4.86469271304624	5.47470628653012	3.89573681779766	4.20167583432372	3.75380396758091	5.32468864084016	4.16182554882896	5.36405142615452	4.18071296407049	3.98867362916202	5.33986806546575	3.70930890207348	4.1385180206635	4.33346541797175	3.78244974401329
ENSG00000146386	ABRACL	5.04374617760447	4.26695054189296	5.02218891320212	4.8056158163152	4.13106540932121	3.65031053322742	4.14784362417559	3.52422118095193	3.83981259034862	3.62706344309739	2.53632703309011	3.18299463022217	3.35475449814251	3.00839292739167	1.69880735307193	2.5298789269098	3.98490269713113	3.43062067022098	3.51348273438467	2.80373772561506	3.28227894037812	2.4858418609385	2.94210958118218	3.02507662775533	2.98928007985395	2.99788082193059	3.02177507133997	2.88262923850827	3.90265881688896
ENSG00000147160	AWAT2	0.012304528282568	0.011948807428054	0.00618394471996113	0.00309780201012403	0.0111570815251714	0.0144407538122365	0.015780502248199	0.0322479462247615	0.0330042305874913	0.0221683021117465	0.0100554605531051	0.0303527847320474	0.00937305375329751	0.0272871612029101	0.0114501016607457	0.00517855041870881	0.00529130967620037	0.026190362160686	0.0139911359098765	0.00213804193195846	0	0.00361663199653418	0.00212685818392283	0.00184071701534469	0.00534262677144098	0.0169685738881994	0.00193705144117502	0.00371257051254427	0
ENSG00000147576	ADHFE1	0.877450223270246	0.859047270990284	0.582165837164326	0.646471336362666	0.93475656631208	1.22484511955281	0.988919949335643	1.15512985585557	1.15314664703555	2.84522959637729	3.01198086373298	2.77640334446032	1.96279140885003	1.51595653905532	3.02202121490272	3.5229899701661	2.48046878749116	2.60232610090521	2.32242036448161	2.8333724201436	2.14094284400675	3.35873847773215	1.9914672264452	1.68102775329507	3.24905913030453	1.81887850183209	2.07631933858865	2.43713099684206	2.67257939578773
ENSG00000148719	DNAJB12	2.47197363598192	2.46193774471435	2.31126208416573	2.27350281081658	2.57244601011803	2.59966305416371	2.45438498871958	2.70992032713518	2.56122288489681	2.74349250218687	2.70375642075096	2.94923710116844	2.74024196261496	2.93264931772157	2.41569276531391	2.93283910084584	2.62868614580892	2.60963956544746	2.49893381600757	2.98422359293555	2.68367480087506	2.67688183948055	3.01339376483208	2.57600299895031	2.7839181865419	3.08487399555302	2.67241413887268	2.75659882294779	2.50944857478395
ENSG00000148826	NKX6-2	0.872598309166921	0.313443449984232	0.131316163178175	0.0965810708571666	0.263429198976829	0.499969369929897	0.317380722391884	0.0514935738869801	0.0883448335202016	3.50512283594083	1.05803944857584	2.84630900737336	2.52343464392045	3.30231689600573	5.47767594417678	4.34306039132777	4.93098034745452	3.8839918794991	3.07730770222599	3.62709773542315	3.53288868370673	4.88489832174275	3.85292326322218	4.47071135800347	4.91978224619558	4.6079158187595	3.02705277556472	3.46935507354526	4.23604181225919
ENSG00000149054	ZNF215	0.7956550273401	0.654659060249834	0.702980844153534	0.591457657853614	0.885758468465038	0.936135487468641	0.776748914359596	1.04547724714398	1.19623070247448	0.532899599431965	0.657483158100018	0.485238743176041	0.490406203020499	0.682091025064671	0.0518080040044522	0.161969293843069	0.342713228254148	0.495845679027267	0.542634846225999	0.443340068985701	0.673917530374408	0.127275125590541	0.522629812188298	0.519326784022986	0.323916456464361	0.433821448096314	0.497135534702135	0.576312403734763	0.498478982425922
ENSG00000149124	GLYAT	0.033900617791228	0.0262048069668694	0.00247954162171297	0.0136776557162726	0.011234734052561	0.00342744327839797	0.00612585222448889	0.0162859712992291	0.00935733999363754	0	0.0490994311825894	0.00897920447987761	0.0184815798437019	0.0269840798040503	0.00859279573517698	0.00944785028129068	0	0.0224725080575079	0.00271443168142199	0.00966698513887155	0.0121665885535734	0	0.00864837061634108	0.00267953933356261	0.00455186210247424	0.0059193677975088	0.013125167068408	0.00709536208641285	0.0112815417672351
ENSG00000149187	CELF1	4.11323001773976	4.27744405428665	4.53575317480941	4.34146373699875	4.64712306040252	4.54673841977639	4.49273600136944	4.67230764077874	4.50877774429801	3.45525379609178	3.82589241417322	3.46634545021673	3.31398035562445	3.9064925869386	3.26821780503034	3.18655999855053	2.85270499159326	2.96474439319659	3.81320395499269	3.60697242103363	3.97964606493501	3.08731886460234	3.59520018139664	3.62847082669904	3.46087796435325	3.10876743998976	3.77362460408413	3.8162037975149	3.06000922915015
ENSG00000154930	ACSS1	2.37783923349254	2.48616288662387	0.850893886805682	0.947967749773484	1.15288947297687	1.28715646839419	1.07640706990732	1.36184960792974	1.23961773310322	3.54396706353343	2.79098156940322	2.83053935848786	1.66371557889367	1.8020614625433	3.77310728600936	4.07342752027911	2.24457803259703	2.2789821673016	1.91780082333176	3.44489862716552	2.06775753472631	3.72929498697201	2.37210179271568	1.96511229475476	3.40878488441982	1.8745981526638	2.43499224200252	2.65373681081753	1.68582469648746
ENSG00000155100	OTUD6B	2.47834474283251	2.24385311898611	2.85353263177446	2.36768964886285	2.21147266131309	2.21198556363446	1.7457373761943	2.46794952170734	2.6968929541262	2.0760234485487	1.80618293988564	2.40020065565237	2.27126472230873	2.40312769215637	1.15720054262811	1.73810122795034	2.19711988816322	2.70782516609438	2.62842641736228	1.81725035215686	2.33760360690973	1.53499349310554	1.89764759451362	2.46835913755502	2.12741816467641	1.52714254404211	1.90197064358019	2.06020448606521	2.17273911278114
ENSG00000155666	KDM8	1.55781496103915	1.4969744617851	1.30997467437138	1.46838368209975	1.47216111662343	1.45141904581479	1.29852241207213	1.45723699411736	1.50214885762965	1.04686347323592	1.17490421006917	1.53715740770653	1.21913654928878	1.71720226349937	0.741879330667513	1.22906583959036	1.34878634562992	1.49305190966724	1.78251976895299	1.75263713782805	1.64106264560155	1.37530827980442	2.09821926173282	1.61589732348402	1.54413392842207	2.24114695976434	1.85252240160354	1.85320769058243	1.78431744542898
ENSG00000155886	SLC24A2	0.620433550218095	1.91236325154678	2.04059731986224	1.97729720257699	1.22892629603654	0.688552909570862	0.262406610303205	1.05461956254793	0.740273346463396	1.98464642632573	0.757370317590044	1.98664491158721	1.80596111702074	4.93833277954056	1.09616877349877	2.09545938640196	1.26028526279525	2.93203664773983	3.31876913602169	3.628935159365	4.57233501526801	1.9775563921889	4.50491313026783	4.87554307751812	4.13451674401066	3.85470101583134	4.15884853662516	4.19297171187796	2.4758825963236
ENSG00000156096	UGT2B4	0.00505476136515884	0	0.000896819267891023	0.00236484512375094	0.00119791651990362	0	0	0	0.00174622523669131	0	0.00229569956164293	0.0269062088047658	0.00579451226860811	0.00799381525390137	0	0	0.0877664241914261	0.0342991662250369	0.0155196961705747	0.0066934761787113	0.0496904953343862	0	0.00615122236034653	0	0.0238983815927351	0.0024882622663655	0	0.0285662289267229	0.0254549716620943
ENSG00000157106	SMG1	2.23894857943217	3.44373576417263	3.01960193196547	3.13065061305281	3.14123433470753	2.94823301349345	2.25290948336526	3.06469920904564	2.55959124402134	2.32782738851468	2.19261344633267	2.03187908968378	2.05751238189089	2.60722639806527	1.08812572754132	1.82342927626193	1.26512499996973	1.64607174804924	1.84243917155579	2.201532094966	2.79548336356509	1.58735293696741	2.17508358952665	2.31603430846345	2.46703862635339	1.80280499705787	2.7364432486777	2.83005628385859	1.96896344841806
ENSG00000158528	PPP1R9A	2.46488714389574	2.97983510813103	3.29654801480071	3.23182333563457	3.24980811539134	3.00375205969248	2.46812933814814	3.30968774505024	3.08656165369429	2.46106535644481	2.19172586295974	2.79963655034847	3.04468684685243	3.73558250501016	1.27801989341917	2.24230736637665	2.57978308438678	2.9585608609702	3.69007482539118	3.13861150203622	3.6993332556092	2.07210928821367	3.38312521632012	3.93489002701364	3.11882867254994	2.81267192905491	3.25642961703279	3.48747615123215	3.36425833994543
ENSG00000159197	KCNE2	0.363264779424993	0.493366594552889	0.47164003672215	0.438778070408424	0.473189037049114	0.566885106064139	0.630852272345199	0.595011927194075	0.660944412454294	0.513072665938195	0.810523661696337	0.802187936146697	0.80496812518671	0.644600508908326	0.482066393673646	0.655291156791337	1.34307501943708	0.940345505563882	0.928332002633312	0.811601725661889	0.797342898591997	0.601422585348397	0.733337185291493	0.449565254128513	0.645354313143422	0.777055626818044	0.818619688778521	0.90942100611505	0.902310189034477
ENSG00000160716	CHRNB2	3.17503152784394	2.87716797462006	3.90053790706558	3.72440193183079	3.89489198800325	3.80151833648402	3.49655306328937	3.94338939786424	3.63313849329742	2.53072234070567	2.65297098885244	3.75318228666371	3.59143395511841	4.45896169577421	1.35493166632842	2.48415484279941	2.97930622429107	3.60944539968241	3.85239796649897	4.01031654089533	3.81366791049211	2.47613264295185	4.66674440778921	4.1994579725728	3.70630086434367	4.61744553024183	4.2614563439411	4.09940431466588	3.5503027150785
ENSG00000160908	ZNF394	2.00577482989976	1.69338046877332	1.60547273632356	1.632164424571	1.68538582317606	2.01484754314564	2.01573816001226	1.79925332802135	1.45661271626401	1.75879494629387	1.90968451544618	1.67432851040112	1.78030416189082	1.44743726069894	1.70309322106292	1.83074445159358	1.66731317354391	1.63315724199299	1.71800558293933	1.78859627969994	1.54989375840763	1.7730476395109	1.60442878059942	1.52400175727043	1.74880472788637	1.54262813056275	1.60355759187436	1.74459953942894	1.68181980401763
ENSG00000160917	CPSF4	3.43097227423018	2.87232230035149	2.71068225054557	2.80152889797224	2.96043509974529	3.27024352702496	3.33820746110288	2.87341863118029	2.70855910520682	2.73905094256548	2.7189996915339	2.65207798943624	2.89784291320562	2.25009341304392	2.33816439167025	2.8067734392297	3.2349674965333	3.00484306128108	2.90793307935987	2.77730999238321	2.64784102724323	2.88076115943377	2.68539405733749	2.57177319105889	2.57560883856289	2.79844639911715	2.88053068441534	2.93675841681539	3.15891167949643
ENSG00000161647	MPP3	2.42843711947356	2.54167784704518	3.07288054739757	3.22453762984413	3.11929253996675	3.38130604036642	3.09475550490303	3.19071592656062	2.97320472425219	1.23757777213947	1.82542809256675	1.4072168368262	1.84892084564131	1.56691147198516	0.562131840641927	0.785449238287302	1.26825261664625	1.28900447444414	1.42989011986896	1.1463437581001	1.76013877077307	0.805907881790632	1.33077016820694	1.05635990978277	0.938303980475998	1.52474386085899	1.36021778157609	1.29319741976522	1.21669568627555
ENSG00000162496	DHRS3	2.31176498574621	2.06560737542454	1.2903658635236	1.30667402220121	1.82888775291181	1.57925139011467	1.72488561148932	1.53290243631971	1.97817627044131	3.3524811079243	4.42818015673816	3.02748223351142	2.37285607591455	2.0973240432724	3.71700331054074	3.71188635858216	3.20923304623664	3.35072328564497	1.99540684688514	2.98786409756363	1.76847587574075	3.10812821198994	2.31118510809203	2.19478708551166	2.88486934160003	2.18124167576077	2.45429037130079	2.21229432362725	2.80726401727259
ENSG00000162877	PM20D1	0.00245876731587961	0.0373086510146978	0.0136764081946807	0.02379194092168	0.0496593910990248	0.0580147145219024	0.0296354109443385	0.0569029891473513	0.0348102530569783	0.199192755490316	0.0740941882213647	0.152479148205633	0.12425351254738	0.125738119917478	0.207381745382846	0.182010197579919	0.16205155202553	0.259346789838644	0.158703108041503	0.142423333212767	0.130022445278391	0.18980874237576	0.0806717530778271	0.096151751698755	0.192553549148149	0.108950375982511	0.164260174848907	0.160410860980642	0.074216396681824
ENSG00000164031	DNAJB14	1.76997588237911	1.68353240243707	2.26359782841041	1.73237710469981	1.64200854817689	1.49789538736675	1.11690544558326	1.69983480199014	1.92805246736454	1.56772594835699	1.56670037193236	2.38345967373069	2.80966507061213	2.89576625665823	0.930113087066197	1.5664079207823	2.48533966673289	3.08725778841951	3.25528853297857	2.22089985321965	3.2876891352651	1.49009727107746	2.39990472334833	3.41905254160623	2.37168890325612	2.01150128080877	2.4520675915322	2.67413267683427	2.8529673440862
ENSG00000165092	ALDH1A1	0.415898295961985	0.333780100945984	0.152089392328314	0.0810273326973895	0.468050274468015	0.222070130968395	0.285692534081823	0.218721138105541	0.523978959149272	3.57722630186592	3.46865408110062	4.02282549791251	4.36382391970022	3.56443705761316	5.53804701788594	5.49536043279154	5.39403198993299	5.03410165095468	4.37703697433636	4.73275023463036	4.40058403888208	5.56206226641724	4.01876747020473	4.11343882763554	5.28884554462046	3.27121210812907	3.97433246954196	4.26415721633593	4.48530468069239
ENSG00000165458	INPPL1	3.26774774245435	3.8993192429348	1.41203374956164	1.78705849636415	2.03054919329893	2.2942801341084	1.81011996301926	2.26490578387542	2.17771863734087	3.39277262686137	3.73238686157283	3.01435470459829	2.3043916793816	2.62903644624286	3.7461470830637	3.70077185893194	1.852967641854	2.19641688460312	1.87187846859306	3.23592279141625	2.04147144310416	3.55357616404889	2.62132465768149	2.28252076130805	3.12849562022032	2.65263942937963	2.73842792473797	2.63984529223771	1.93933896508341
ENSG00000166165	CKB	5.6724253419715	5.6724253419715	5.6724253419715	5.6724253419715	5.6724253419715	5.6724253419715	5.6724253419715	5.6724253419715	5.6724253419715	5.6724253419715	5.6724253419715	5.6724253419715	5.6724253419715	5.6724253419715	5.6724253419715	5.6724253419715	5.6724253419715	5.6724253419715	5.6724253419715	5.6724253419715	5.6724253419715	5.6724253419715	5.6724253419715	5.6724253419715	5.6724253419715	5.6724253419715	5.6724253419715	5.6724253419715	5.6724253419715
ENSG00000166800	LDHAL6A	0.241605811414178	0.36573108114981	0.305864309122747	0.350307609187235	0.434090243895733	0.205848927320652	0.2309164075885	0.508384736343398	0.300564185488216	0.195986870499264	0.215214486601845	0.300195040717191	0.27609579497802	0.256680591236505	0.0586425237040644	0.0838046345366656	0.243473921748491	0.226782917834952	0.141495743287236	0.116935339230921	0.45683562748396	0.130414366941823	0.175635871577814	0.220494170568243	0.189258522279734	0.0903299797718337	0.232390566949753	0.370771477780765	0.183404273344864
ENSG00000166816	LDHD	0.257086782728424	0.266556488041172	0.199623227444319	0.249498662967687	0.614437460034425	0.763394282445799	0.915829446654289	0.867393962576041	0.997370457119512	2.55972736623869	3.15885539643433	2.95319938873281	3.01835520507857	2.61309450802109	3.54466807937202	3.62271031690849	2.96052773520371	3.48803480526525	2.71189765126489	3.54179064766578	2.17809392864578	3.88669099322025	3.19023841466484	2.9454950699408	3.31847366469878	3.33674782233044	2.99181665771211	2.58527816052434	2.79710957496662
ENSG00000167165	UGT1A6	0.00147130982357387	0	0.00195570110773585	0.00365944403879792	0.00520235403102383	0.0126026834400125	0.00288586352507318	0	0.0063405528588792	0	0.000690474347556581	0.00532694001695798	0.00997937117790114	0.0135380847057909	0	0.000774640694415382	0.0020672842318955	0.0144368494059607	0.00809230644771779	0.00104483614525144	0.00507947934928795	0	0.00346892962960181	0	0.00352164606928974	0.0023333573610142	0.00348378403044125	0.000834244477708426	0.00165218590745748
ENSG00000167535	CACNB3	3.80681360431767	3.94383574855105	4.04339386967883	4.21048066443461	4.43661605180214	4.55162757492639	4.65194280635412	4.44283978971507	4.3123736543889	3.12850960323008	3.98422029354355	4.07900473801056	4.34286484402779	4.21848725567942	2.34689873017146	3.51208294166538	3.65119604251064	3.89229598452732	4.11447418827126	4.21828723433844	4.05879657437001	3.38266268042493	4.28462190943246	3.74125262587505	3.56191119155652	4.43868073950791	3.73474464704699	3.73694859923644	3.96826417366061
ENSG00000167702	KIFC2	1.60837320912931	2.31867584862061	2.55694990302656	2.72163731473716	3.81896365827076	4.95071093327223	5.2953797817517	4.79483773244942	4.01139617022291	3.77582915790688	5.32556115551989	5.42030495950414	5.25925193076035	5.21456813360396	4.54164209522533	4.55655078685873	4.86592736680033	4.61861793352426	3.81288778836576	5.23329084440834	4.76292818884588	5.10586360082007	5.24454472402822	4.16929433018718	4.54803548280176	5.58366018438199	5.21868380142734	5.0225099323404	5.31297503974698
ENSG00000168300	PCMTD1	2.68256762290217	2.72262788604766	2.57118286043094	2.26877034851296	2.22752605675098	2.35411512242067	2.06916535521755	2.25746440538572	2.19640105957108	2.4155184957533	2.42481678246251	2.42372538129835	2.24860213660374	2.42898431577139	1.61089401187657	2.14143162280498	2.29281111579041	2.4597686061845	2.52148718638143	2.07388204232341	2.69349427655342	2.04675041023953	2.06597242895252	2.73560708205384	2.3938398551388	1.69405981838178	2.3575388630816	2.43654308694485	2.56998197359329
ENSG00000168671	UGT3A2	0.0518198418356241	0.0238181035322467	0.0492166113377049	0.0152321955765435	0.124563251375673	0.0239103236146647	0.029440474199369	0.00236122134671175	0.0324104762345878	0	0.0306036442400127	0.0399084955365326	0.0503986601757542	0.0371535902100484	0.0264627437101315	0.0232874143655785	0.0497766473778137	0.0775699983484454	0.018658361135146	0.0234330993562441	0.0221226274786105	0.0247762168024612	0.0470751633194498	0.0893140634842026	0.0446346124435411	0.0473089598818618	0.0660026492711233	0.0565954617611552	0.0912220443531302
ENSG00000169057	MECP2	2.81687427037508	3.53816259411497	3.41172486178046	3.32974058393286	3.41980714696386	3.34361612432451	2.89428791199587	3.31626576331504	3.02085642919905	2.57388693800473	2.49941963737009	2.70546303160657	2.88814436602599	3.20075159015046	1.70968620754792	2.38908327701094	1.79920786973747	2.67137007596638	2.85023110232763	3.02578988110355	3.21851551153919	2.32418355359104	3.20275838874088	3.41408436117115	3.03236126345193	3.16979530999114	3.25669294554271	3.14261607062734	2.72534955432875
ENSG00000169992	NLGN2	4.35829258649844	5.24037155440756	5.11262795297678	5.35323056288647	5.36705910169167	5.5207087441755	5.53330192976033	5.62907447416867	5.40831292365444	5.00152996001436	5.62892777658459	5.45410194468496	4.58504007926259	5.53093223765684	4.81711435452643	5.19923796342087	4.20021762368108	4.67209364327615	4.63551784141822	5.34286719891076	4.9886604242784	4.79758351471438	5.4450428599387	5.00911299102673	5.04196504343026	5.62335867534355	5.05189367028416	5.12735329673889	4.41239291086968
ENSG00000170921	TANC2	2.78224120481831	3.61202680355456	4.43466306422454	4.24256250028325	4.47252541069438	4.13784944330036	3.45132828237142	4.4133963796815	3.98197196542702	2.97118567009062	3.15091282779042	3.43743347643552	2.47441684705969	4.25223629576037	1.32991435948366	2.49716149430092	2.0334621475542	2.75948545981941	3.66861890607299	3.45613283233576	3.58203198796928	2.16877812998644	3.79983547861338	4.11003637078354	3.27911420808475	3.51956804707749	3.79111123839481	3.87056138101745	2.72239732878707
ENSG00000171234	UGT2B7	0.00184522256837126	0	0.00289157115163236	0.0031486838591542	0.00964678169225535	0.00809520186117161	0.010398147038749	0.00911958179803442	0.0230283406610622	0	0.0312070871391299	0.0185968538451629	0.00344312581627573	0.00934515302610665	0.0126564163656629	0.0319884547144674	0.0104946325671242	0.0145175069771982	0.0360043217153878	0.00846008917648867	0	0	0	0	0.00556222046992835	0	0	0.00821088620380687	0.0020912249923689
ENSG00000171724	VAT1L	4.31397227588685	4.24331125305073	2.73338837457231	2.74891092477306	3.68337232947698	3.90855669919475	3.05353761266133	4.54466444792751	4.39042039256493	2.84097037336541	4.52461115907429	4.20104285489459	5.07623568726916	4.45923814773614	1.88548375855795	3.21023780342573	4.3075034550666	4.40346704187898	4.56793625133762	4.30984657792029	4.75759445208658	2.91319657821286	4.55621930342265	4.9596111020125	4.10148864141241	4.49497742000467	4.41449922649964	4.59867687039241	4.55916689589574
ENSG00000171862	PTEN	3.47944522585013	3.22926631326897	4.16022173461563	3.64827632247277	3.49371492018081	3.44813791744142	3.21028059291922	3.57125069795162	3.80864998897308	3.20409190113989	3.16649963646129	3.70918665187741	3.83663382953515	3.67911064528905	2.39269530256145	3.12499532796398	3.40055382326722	3.51372393927528	4.06850011469031	3.18304172780187	3.92823569886019	2.86513742903314	3.13406432552895	3.92793330139038	3.20006651451165	2.6799570447017	3.15640063621939	3.28832327214767	3.4316819682679
ENSG00000172164	SNTB1	0.902166400487651	0.838390112759058	0.50377673390433	0.391632661989353	0.637661581357376	0.474596819416943	0.476748909410014	0.556849757289907	0.719089858846015	1.21987663151866	1.66423861075477	1.53621609463735	0.835696395636037	1.13848173065016	1.12823583008336	1.4861472566995	1.02168242146714	1.18229768718931	1.23052879308063	1.44587329841487	1.10789945250695	1.59956476776386	0.94090026284585	1.40504155143263	1.78652488755734	0.677178146138304	1.17613220692068	1.28733474030606	1.15316347105972
ENSG00000172955	ADH6	0.0458010794203015	0.154882005524999	0.0631552054431241	0.0407116863819869	0.0570802795725512	0.0885681580000759	0.0379449470811817	0.0618750512282503	0.0482041675698029	0.0256086187263631	0.0287702248847523	0.0254043769977301	0.0108003450441104	0.00890489710853825	0.0111783009877169	0.00876095881780255	0.0029702311592021	0.0321719916921337	0.0082230646549927	0.00599061578157333	0.0134679034041068	0.00203321656419223	0.00594657896735532	0.00195220874907285	0.0207352576220763	0.00260100049002065	0.0111678803172421	0.0127522967195533	0.00644420744047353
ENSG00000173258	ZNF483	0.411429032207227	0.931396841706961	0.590497581534957	0.554272160173836	0.942081487459065	0.449164328668231	0.505992758383864	0.678489564276341	0.422475729257059	1.13634251310611	1.0519104990466	1.3603124517307	1.4204875177189	2.95706274274479	0.935239911132056	1.30665474608193	0.888060694629332	1.54207926450792	2.79648079487678	3.21318561856507	2.84648738807664	1.4350442551107	2.1761773816963	3.43265239360524	2.47274070117304	1.39877438533287	2.14059428265453	1.84310855607452	1.70507259899732
ENSG00000173276	ZBTB21	2.37816045659099	2.61222569117935	2.44138274981583	2.10532884218739	2.00951235822377	1.73772111443236	1.12427633626393	1.91775930524739	1.88116177546549	1.53940643048108	1.50535240865963	1.82313202899494	1.52325030834941	2.59683922969086	0.730382314427095	1.46677290050934	1.40429305669628	1.90218366379995	2.13555036442936	1.76818296625222	2.2175611809556	0.992593765463016	1.7672856766087	2.48224405367763	1.99547287956921	1.2308426208366	1.75078556321577	1.87511488004771	1.53946786087391
ENSG00000173610	UGT2A1	0.162166194377673	0.0190947314861184	0.000591221633519775	0.000970081367282589	0.0145801734305852	0.00268480813142174	0	0	0.00219712570593644	0	0.0166075421464946	0.00286703072517376	0.00360643922827083	0.0164410454862696	0.00814591786474449	0.00914895639900474	0.00228549397977677	0.0240975530539645	0.00201003737414666	0.0037995688938305	0	0.00233473982459844	0	0.013017400500167	0.00502492853719661	0	0.0338115280444832	0.00105704607840658	0
ENSG00000174004	NRROS	0.579140556254944	0.316698830517452	0.384005839082142	0.263456876624361	0.670649107599281	0.584295372246759	0.536228430534168	0.746765934896769	0.917566198411894	0.872628191871788	1.12621273553734	0.757879586961523	0.336668400187663	0.850896398536749	0.234767389868059	0.87225059465661	0.51401453919135	0.637462475800467	0.518440937050021	0.687427179053915	0.663860402765063	0.744180381509045	0.730732670539	0.765127532468336	0.747413574706399	0.988940817179584	0.782941804439449	0.792212275077715	0.49631183595199
ENSG00000175189	INHBC	0.0684987444364539	0.115786144297062	0.106761669532536	0.105651922929782	0.0838982302089647	0.0837726748736753	0.0601837579659272	0.0719820545533488	0.0895016499881706	0.113250183880556	0.320032859501798	0.0502582633318928	0.0270125679846042	0.0610052424378986	0.038294595836291	0.0820577451019025	0.0948880716786765	0.105152476069756	0.0325419771866406	0.0988745055514999	0.0873909958321025	0.0496139341340211	0.060677128471283	0.0194236574104136	0.0724219149423066	0.0684177362756817	0.0467580864883309	0.0409457089657788	0.0214913272505897
ENSG00000176834	VSIG10	1.43178858201147	1.20842693029129	0.743682283534752	0.726014391344213	0.897420437611654	1.01298219697692	0.997808677471162	0.95031611827454	0.970567367639036	1.57273168444378	1.58138133686384	1.30147143925553	0.820458399789362	0.985133006680707	1.2252450174472	1.59287354363474	1.06570691912151	1.07571797679644	0.869986234442092	1.33661732636193	1.06644894526829	1.30921735981356	0.949630637224833	0.930900400938387	1.37834153882591	0.982330096796286	1.09788039367941	1.25347993704928	1.08903956226059
ENSG00000177352	CCDC71	3.52236732115721	3.37024018634912	3.28677384741459	3.31058151399334	3.09661217428049	3.31751253382867	3.06896868892501	2.97066064234329	2.85859717705723	2.79490339711703	3.13146137172377	2.39504069025386	1.12067869427128	2.12691103770151	2.0910476133278	2.32491446392844	2.54489106636402	2.18624801773391	1.81377724718238	2.41615011618032	1.9779506030018	2.23776295896172	2.63871271663503	1.80672376192245	2.24770035855919	2.73868362272599	2.13134747179825	2.06862222339326	1.92895476909285
ENSG00000177548	RABEP2	1.94673258266665	1.62666741038292	1.81046624223958	1.8242890128546	2.18976534597823	2.61011468027397	2.90621918548051	2.41174833895836	1.80850871117563	2.36417997275569	2.32588984702675	2.11615322336015	1.87542944072204	1.74558585497875	2.61401269671683	2.25463184013026	1.709121024757	1.32752599962761	1.152399007343	1.88356196944793	1.23564228475317	2.3636376177869	1.94467525032044	1.58602948384217	1.96860517738856	2.35703258612266	1.6784962655666	1.64041471542906	1.65509070609906
ENSG00000178053	MLF1	2.76803525222858	2.35103332903	2.7176887789459	2.38827640088025	2.24263759399363	2.53239007044607	2.52749965426252	2.56140687911683	2.65745234834803	2.35245185679962	2.96707929115422	2.92165295994664	3.03559789051869	2.69341609886435	1.35283347919323	2.12281846665815	3.36076312051908	2.98563978616344	2.87727713698385	2.18547910261907	2.8032085013185	1.99388551732471	2.34907772515447	2.57338215121436	2.30059642221142	1.94768571696962	2.16557394945253	2.2935549819635	2.79156475064714
ENSG00000178104	PDE4DIP	2.79382920636728	3.38794892099341	3.64653846920258	3.53933835016467	3.5308336140836	3.52994023301381	2.90807433299054	3.69767018377449	3.35571268470815	3.22630278421893	2.92864475916956	3.31941355970368	3.4772154779578	3.99735028905443	2.06947537992702	3.12686507266115	2.72142436485163	3.03189561155359	3.32870534964832	3.42945827585285	3.99905091357894	2.88913986871474	3.59659186054767	3.5578683606891	3.45678585359683	3.24439566062524	3.60614132557628	3.7396299926455	3.06310641399216
ENSG00000179262	RAD23A	5.41619840648494	5.38497884639099	4.88139216624967	5.09683094396159	5.1181356941828	5.24647974879689	5.27029931903721	5.17430591340582	4.96466191093066	5.23057163727366	5.64450267054846	5.48322605433417	5.63351346108941	5.49535726472173	4.95098797844943	5.48840692093435	5.50755572519936	5.49123313779958	5.29489702589052	5.52539949267795	5.23355511586884	5.45392841180893	5.47527867793682	5.56959734091953	5.40402022709087	5.63918058703886	5.09232016123349	5.07688797396579	5.51497148537562
ENSG00000179456	ZBTB18	5.43806892894158	5.51386835942957	5.38688774043496	5.50585652438515	5.35185820598178	5.40075410425996	5.32359672269033	5.51311381451051	5.50584688378774	4.95132495154866	5.35570878515925	5.31120413216616	5.4572313313149	5.50458361187651	3.76510029086543	5.0200353311035	4.9886632931927	5.40156322515835	5.6724253419715	5.42823142395163	5.6724253419715	4.79371889711258	5.47093352266697	5.50810659471593	5.40764061983512	5.30234330064958	5.42912209622563	5.38822325401229	5.1830826818026
ENSG00000181092	ADIPOQ	0.00072939001073003	0	0.00164581648014498	0.00152563972149774	0.00311792451518687	0.00155649820233609	0.00126424565540966	0.00424049551733346	0.00882953196104117	0	0.0086131587183496	0.00329411201499337	0.0075858245648628	0.00913964268490176	0.00230778071306665	0.00282223319197821	0.00963259956148605	0.022937761455326	0.0237654647614009	0.00705975865734218	0.00952805785383818	0.00121780879686385	0.00590018714445593	0.0248124336370452	0.00345531320050436	0.00700490692660952	0.0118200531245807	0.00488312673700949	0.00450986733538175
ENSG00000183354	KIAA2026	2.31810062507096	2.94064053824665	3.09577837786135	2.94848230456046	3.12876291096621	3.01438240968851	2.45823759617061	3.13762205676272	3.03743370671029	2.59709527601448	2.52745792694785	2.61156338882806	1.90287294486397	2.89173146026295	1.86909491436901	2.2857422658997	1.70958618238676	2.02645323364957	2.47823814452555	2.78943686422848	3.0946270294184	2.35729331179367	2.73261996559704	2.88633650098756	2.87180150335865	2.47663538263057	2.77741428799202	2.93002811874999	2.34602244135494
ENSG00000184254	ALDH1A3	0.808937173539566	0.39113350449035	0.38991159669229	0.141694136212175	0.485390923108301	0.316784034577049	0.0922384302843355	0.499901550347294	0.465243698396833	0.812600474363816	0.526182992418234	0.644272586854809	0.345037940151201	0.970274862386352	0.518817942102381	1.12913287006081	0.873417949383207	1.22818849656186	1.30349782691913	1.38005136508723	1.76884649668065	1.26344731337045	1.32591862019034	1.49364083718981	1.66494237509387	1.43987466127044	1.62053561511311	1.67499883150188	1.89549963558276
ENSG00000185104	FAF1	3.88211269823251	4.00075108961503	3.7370357745538	3.82440240607694	3.57913687944679	3.41148596591443	3.18758880883524	3.57217511705025	3.68792792717225	3.20007606252082	3.22312152025399	3.2275984407869	3.34554247324265	3.20163829662378	2.26209660130496	2.9673435477745	3.00775345693655	3.15193863836234	3.18478771993541	3.09998963083562	3.46319532297636	2.8640024156055	3.32484822709792	3.39067195619024	3.19448647267379	3.21864645762519	3.10465885106184	3.27387887676981	3.08015737049406
ENSG00000185989	RASA3	2.57732841379535	2.72309046679012	2.8729527929746	2.94913821434507	3.14970473761577	3.20206342813121	2.82702458683661	3.52650244073436	3.05381325158036	3.47174661029983	3.7601318685914	3.0860076837012	2.48367943149163	2.61494005534647	2.68131455921031	3.53951329372853	2.28170803516181	2.67153822086196	2.50810832256705	3.36613880873182	2.89308988238423	3.29265007653052	3.29352209531301	3.09428780743054	3.35060743051992	3.34643491450391	3.22839732473003	3.11451999806239	2.85528326888302
ENSG00000186812	ZNF397	2.54679824768996	3.12225170483761	2.429811901664	2.58624619408111	2.5605980546159	3.05837186937424	2.69881195464809	2.76715496564098	1.86826240177215	2.64565919723343	1.77986364702406	1.7664846345207	1.41801285559193	2.11235795945166	1.82058850907721	2.01243566609519	1.46933663579866	1.41034165000095	1.57546679897534	2.0831985389357	2.41112909052188	2.10643996078765	2.16892984161168	1.90980739756346	2.71115604153454	1.85190713156456	2.30889792691094	2.53936194208099	2.01276966078985
ENSG00000186895	FGF3	0.645349223330362	0.514628256049721	0.341744530638838	0.334366174168002	0.110596994858105	0.252661007425752	0.0965238722470345	0.378611382810712	0.187552340459975	0	0.159018445980037	0.109794027975699	0.0451611736625303	0.0887617744799449	0.083509873682273	0.170427473510011	0.267380876681468	0.195237404640115	0.13127507129876	0.169671414539683	0.47839142324568	0.294490321419871	0.203190731712698	0.17902417780419	0.311567875198471	0.224882256486452	0.204265411865875	0.19084611400698	0.242873611166777
ENSG00000187758	ADH1A	0.0432819848730562	0.0622625160294035	0.0502783672725778	0.0443934496864168	0.0452021719866818	0.0723432293161191	0.0712859811086881	0.124491801636888	0.0425319542760737	0.0257102869771486	0.0725218416504232	0.0317695850984352	0.0162992424640428	0.0162631673476497	0.0130998555269442	0.0224645318594752	0.00581756312571381	0.0288344995662328	0.0216534262443435	0.0174857776817147	0.032179067818102	0.0481217774337312	0.00546521118805025	0.0065228543437923	0.0382056897374257	0.0116459505448784	0.0176761933702874	0.0160374143809212	0.0299786212822622
ENSG00000188322	SBK1	5.44552814759087	5.6626579079112	5.66803385688134	5.62076733094235	5.64129333056314	5.6724253419715	5.6724253419715	5.6724253419715	5.62252122095042	3.74400018063432	5.16697569580678	4.54627587040547	4.33417847374498	4.05701281940595	2.40505037935734	3.43314285821478	3.02079066758492	3.36273333023515	2.93773346085292	3.7959616894597	3.70868701677872	2.99434436163208	3.55167934970287	3.45917839989702	3.40034341541031	3.89968750988746	3.25671405680042	3.16954771257518	2.95356413310374
ENSG00000188536	HBA2	5.66555736852518	5.63489170880401	5.157190737927	5.16333618184109	4.88624005414141	4.00113117063562	4.01853060824313	4.30066087183869	5.37747030702997	4.76759104815663	5.6724253419715	2.37839620797079	4.45025371704905	2.74189844752362	4.03087174863545	4.07193111715687	3.35731702421997	2.94260481239139	2.35716964609231	2.12406464141766	1.00618348955606	5.52884707967337	2.43529070968271	1.79339264678698	2.43657363853369	2.76844329385155	2.40530307615498	2.75924250448074	3.54300218302397
ENSG00000189299	FOXR2	0	0.00158826432175089	0.00169329198433055	0.000524497457303661	0.00574103695803949	0	0.00375438175124884	0.00573331641178661	0.0150014929217918	0	0	0.000764248359953425	0	0.00584590537226921	0	0.00135098671604625	0	0.0224683211148377	0.00698731901842668	0	0	0	0	0	0	0	0	0	0.00685095147955193
ENSG00000196275	GTF2IRD2	0.453921253551217	0.55722536039977	0.437951912823248	0.476105145332125	0.621187556243491	0.653684912240834	0.614358573270797	0.611636275284452	0.774676768259706	0.492748686575005	0.542905207007007	0.291719724449622	0.230207079268998	0.17414325632138	0.315796214165116	0.269627557699846	0.235453433403235	0.200059502919365	0.225976145371598	0.373815096268293	0.218277773157803	0.301189733010587	0.200172671541592	0.222718072422241	0.28950066338565	0.258764832890687	0.266110148212946	0.366346185622398	0.239443121286687
ENSG00000196344	ADH7	0	0	0.000430491104444451	0.0023349265076656	0	0.00179664920200713	0	6.59791526958027e-05	0.00384373290867916	0	0.00110016866699421	0.00581400851249063	0.0185280358385155	0.00958776969605071	0	0.00130750713826217	0	0.0327317790914203	0.0066018761077253	0.00274953481726117	0	0.00182883399369882	0.00222790185454173	0	0.000154561548867211	0.00193325652330291	0	0	0.00152404281667026
ENSG00000196502	SULT1A1	1.061645389334	0.984844383692606	1.27705187565921	1.16111809409474	1.62015282471146	2.02759080638294	2.14266284032155	1.95540782552476	1.85346450220612	2.29759723499698	1.75491879515332	2.87625054290741	3.09486815806523	2.69125739473853	3.23638103109229	2.99472957457531	3.59590368336996	3.49461073017575	2.907210250594	3.36560052898543	2.96368341557911	2.86742481024381	3.34044256374339	1.99341424386986	3.27124927048147	3.54025792823124	3.1785372831737	3.35293319566915	3.76271055730186
ENSG00000196616	ADH1B	0.036491146646954	0.0408362058575649	0.0107740796430329	0.0105922654543368	0.024079493507955	0.0108665575008331	0.00676546019416104	0.0156505024782211	0.0120925676430703	0.102232048885637	0.308912067622355	0.0127854724382847	0.00978130034364814	0.0274477624928802	0.0535409971071188	0.0883668410772833	0.0404718978952183	0.307201181094848	0.139736817817167	0.15090755921835	0.039509499121514	0.15598579974155	0.0574137092948789	0.138878006423876	0.179271142180274	0.0205931425133255	0.138979555334441	0.127449953043484	0.43466525619224
ENSG00000196620	UGT2B15	0	0	0	0.00127697119700485	0	0	0	0	0.00204994336066249	0	0	0.00377636402192756	0.0480515651753771	0.0163526227019479	0.00415436517621336	0.00218160454201919	0.00971891082012231	0.0222687859391135	0.0259572646684884	0.00350745801455993	0.0187563357984825	0	0.00485323865967563	0.00375899630689665	0	0.00228427161408705	0.00812517525481089	0.00621933250505032	0.00875064402823275
ENSG00000196652	ZKSCAN5	2.59648356987002	2.65190785258516	2.56276773211293	2.56389225096651	2.4348546953196	2.52314321543721	2.35033116331357	2.45553276744364	2.25681005934301	1.98330736462719	1.85095176630019	1.89655665773278	2.2266776401554	1.88084490859953	1.1927062510014	1.74757608511426	1.4756164408195	1.66465908883341	2.0075174918989	1.81877409674117	2.03951496458224	1.58436112570038	1.94629315548985	2.0527711682576	1.93834739825066	1.66622471499164	1.81841695898352	2.0292822595832	1.70149483750368
ENSG00000196911	KPNA5	3.1998803232721	3.25543079977306	4.07411204692128	3.43144000551151	3.06305746355026	3.0029180006413	2.90934804589737	3.12143888382978	3.24041919235684	2.58292949746665	2.38973656828999	2.46518396001635	2.08454039651898	2.51608073073556	1.79713531670063	1.75103704125186	2.41102586974043	2.55468727614325	2.51584242036864	2.1654678858884	2.9602021603995	2.06962273206336	2.03341513684639	2.91985706696105	2.36957259917738	1.65398030533292	2.37172417770505	2.40711874204364	2.78403850267604
ENSG00000197037	ZSCAN25	1.82932552189552	1.56316474111476	1.70433241003247	1.56468028992282	1.67176560675143	1.65011599939363	1.24254343585465	1.51087737975083	1.5393067651527	1.28992787931143	1.27963931297339	1.20643913144186	0.957997001732957	1.20077336873296	0.641999376965112	1.07671162216215	0.72692235699607	0.935889710525772	1.13112185601846	1.19296088190524	1.07496438894169	0.982870714457548	1.20873166199014	1.04523033724367	1.16068155083452	1.20614936605965	1.11342295013333	1.18325344033671	0.856936652007407
ENSG00000197157	SND1	5.03690435000853	4.90364642328445	4.5071636750492	4.66490019633423	4.31174565376449	4.16841748282624	3.95692984731602	4.15456198886376	4.28145527086726	3.60625075801526	4.14461495939942	3.65433210862753	4.34968689580751	3.90802074412534	2.61983439108563	3.55138942848447	3.39806643895597	3.70913649109771	3.87727252227589	3.72767847070668	3.91088361822833	3.27638532802008	4.04082829812148	3.89916835069074	3.81961943476024	4.22498426093025	3.76214707635231	3.76460719123742	3.52809862061995
ENSG00000197165	SULT1A2	0.102270201042942	0.0967981270793287	0.1006775421548	0.0914305324949629	0.217108556428097	0.312926780096391	0.449240676152763	0.231746694725197	0.176065486377261	0.486590420441754	0.925372391568941	0.570138661334866	0.482578478316726	0.387999266495878	0.606953013216264	0.533113838895959	1.62292330918634	0.417302313354449	0.424568191506615	0.430063968713112	0.26082102276495	0.662591373049087	0.273102594747035	0.689305680321655	0.183113536183553	0.431253683804271	0.433562725347311	0.48767661269444	0.4296584583341
ENSG00000197408	CYP2B6	0.00140855266214321	0.00134738921508275	0.000678303335371528	0.0026967311478684	0.00271333731581523	0	0	0	0.00457717575778815	0	0	0.000980159390609926	0.00453156914835133	0.00599204443751287	0	0.00129347849301215	0	0.023526989787949	0.00160571629593422	0.0037882016593162	0	0.00858324848251635	0.00176859753181591	0	0	0.00155428530727058	0	0.00112564050624988	0.00407571164648106
ENSG00000197838	CYP2A13	0.0365199303048971	0.0428836277448361	0.0171500844737989	0.0231281149461393	0.0344749051243536	0.0362918041411138	0.0268276320102826	0.0154137680755911	0.0117368189872636	0.0797744470495283	0.0336353869870251	0.0570511442276765	0.0249521148167292	0.00913250618959397	0.0327280716167984	0.0590305275448364	0.0259004858095184	0.0409022438684903	0.0168551859185489	0.0185630564342755	0.012083089766178	0.0193682233993441	0.0149369074547586	0.0151888426405811	0.0203262256042711	0.0148422159259725	0.0179967459116191	0.0152898168339725	0.00268630711859494
ENSG00000197888	UGT2B17	0	0	0	0.00146677268140791	0	0	0.000423206499929145	0.0014040252360465	0	0	0	0	0.0137322739613286	0	0	0.00217693673201498	0.00441100453238794	0.00872958888574071	0.00247315951699083	0.00263602725991256	0	0.00380777911020747	0	0.00876357320758287	0	0	0.00873586880795042	0	0
ENSG00000197894	ADH5	5.17601048435813	4.70135293909536	4.63951494610293	4.47269645802909	3.97049877792276	3.83890403760321	3.4098564857589	3.75935644779899	4.24072479606985	4.06798152361548	4.13730088022918	3.88975347099143	3.81421263463744	3.47850038286473	2.96512061307575	3.79120893873714	4.00936041670561	3.91731151469485	4.02767275647583	3.42901342404319	3.66723089993008	3.53029071664856	3.504805764695	3.71673974678329	3.63393088167349	3.2993788267359	3.4097318943709	3.60138255381793	3.71003112401303
ENSG00000198055	GRK6	3.36967122144892	3.16452550639596	2.92596281652872	3.08626129892293	3.13425109712274	3.28687907727671	3.28131291747943	3.26536208455255	3.16603285787017	2.32819987932144	3.00063127971943	2.98962144736421	2.96816477904448	2.73925248470228	2.16275702959287	2.52616157263529	2.85590038475217	2.63971758096476	2.46027138387479	2.75133926037836	2.37944144827022	2.34474301502277	2.86309335490052	2.64849428821966	2.58081746004628	3.24220579982819	2.58218493148089	2.33232851991002	2.78454385501917
ENSG00000198099	ADH4	0.00403666653446261	0.018942061561063	0.00241750223649556	0.00500246905113439	0.0177409982249387	0.031695325841134	0.0180845788765812	0.0153316148910906	0.00856467340605361	0	0.017207267201863	0.0194090888601373	0.00231006047545722	0.016533693309894	0.00743083714434585	0.0077941229454146	0	0.020068605863584	0.00831788648368677	0.0102270729632779	0	0.0162481682427898	0	0.00155924830923575	0.0160031187594161	0	0.00349765708977995	0.00256271962065423	0.015136212355926
ENSG00000215186	GOLGA6B	0.000129118882999484	0.0023606206611489	0.00072314726079319	0.000494635779355833	0.000951524932950611	0	0	0.00317740412978627	0.00109126073140187	0	0.00361574773293411	6.06385543521844e-05	0.00704035349488156	0.00381494101963356	0.003326688008777	0.00191561646460363	0.00273057760233835	0.0105188884149807	0.010503298300224	0.00912898767267359	0.00731698342230845	0.00268333621794296	0.00889907910571218	0.015918805098696	0.00079494239732735	0	0.00889394836986184	0.0257274918254646	0.00634309639846621
ENSG00000238083	LRRC37A2	0.239568449392718	0.814112829290399	0.435771709698554	0.592119746693224	0.391878414538371	0.538514972357707	0.450045548567113	0.410744327847678	0.559062962176122	0.426156787940266	0.555329398940176	0.615950828226986	0.27489305400934	0.295164451608324	0.265377637602698	0.461235706013206	0.21732866481139	0.332919841859881	0.364578705955471	0.37901462281101	0.634335788742659	0.793504549694215	0.649740490957026	0.658341437444152	0.316364568207472	0.114082227055975	1.15391040671794	0.446888921346804	0.308074973682106
ENSG00000240224	UGT1A5	0.00459921933111713	0	0.0038307427111459	0.00637604179890787	0.00905141885175887	0.0268888667198249	0.00391355233147614	0	0.00838823362698195	0	0	0.0093982162684534	0.0147526424728164	0.0209407819783724	0	0.0017225791465975	0.00460679633847594	0.0232044724208878	0.0123904036282045	0.00232610842802652	0.0112670393966167	0	0.00770373229956504	0	0.007840265732099	0.00238759791249431	0.00573448547515509	0	0.00368438820819973
ENSG00000241119	UGT1A9	0.00167234840293906	0	0.00372178181071705	0.00486818696003959	0.00880047031692926	0.0261656756627787	0.00380046264978218	0	0.00979096805292873	0	0	0.00825249789564902	0.0114965931712865	0.0203040835753994	0	0.00167276415911652	0.00447312959590877	0.0229839676224313	0.0140589883651361	0.00225868534203429	0.0109427499448105	0	0.00748151198269778	0	0.0076131890037895	0.0023184632330513	0.00556913913257652	0	0.00150453930591958
ENSG00000241635	UGT1A8	0.000908989431250386	0	0.0020425997400996	0.00357386881611054	0.00592841810143564	0.0147354814803705	0.00207062354161408	0	0.00450403931547206	0	0	0.0063186702992098	0.00788210756802658	0.0139389989110758	0	0.00263257137797366	0.00243301150397733	0.0203968753307691	0.00771023933221106	0.00122950177906726	0.00597424663828655	0	0.00408060523413583	0	0.00414414160586497	0.00126222843934749	0.00409837246523341	0	0.000817219389978283
ENSG00000242366	UGT1A1	0.00167854399540867	0	0.00424141524812543	0.004947112787707	0.00934445032423285	0.0262551819862482	0.00381434940479744	0.00249317412760039	0.00984888087061612	0	0	0.00828206784764239	0.0115383823246141	0.0158872980574644	0	0.00167893032505686	0.00448966622954479	0.0202764439292167	0.0120809497875904	0.00226703904696542	0.010982750539043	0	0.00750897611173367	0	0.00764133137695226	0.00232698714453499	0.00558960983227031	0	0.00151012566704813
ENSG00000242515	UGT1A10	0.00128285436130284	0	0.00410660810587492	0.00345047842797022	0.00769942018994063	0.020429817800419	0.00291877154097873	0	0.00630555398498081	0.0185656102695527	0	0.00822660015069145	0.0110602730691542	0.0145457620303144	0.00322467000220787	0.00246802800513142	0.00343248889729363	0.0219990714286053	0.00769290931748839	0.00173393137553573	0.00841286829448882	0	0.00574892274204246	0	0.00584416210517936	0.00177991420718522	0.00577563538061965	0	0.00115374845056511
ENSG00000243135	UGT1A3	0.00170871929498691	0	0.00380096047425921	0.00627778171117937	0.00947072299626428	0.0279331292328946	0.00388261518276784	0	0.00832396273593551	0	0	0.00842678573212545	0.0117424083247488	0.0186123941908544	0	0.00170896694651522	0.00457011213870325	0.036033115123054	0.0136547306428097	0.00461759191864042	0.0111785067883294	0	0.00764301426761138	0	0.00777818769471111	0.00236871631786868	0.00568931276697612	0	0.00153729537289948
ENSG00000244115	DNAJC25-GNG10	2.72698670069308	1.68295336297094	2.19487655258454	1.86292319346518	1.97944864085915	2.37319191993781	2.31352398739075	2.2025432036899	2.72478951739941	2.69847765852528	2.49385900553573	2.73880973188955	3.03728530609831	2.55933746725192	2.8530084014681	2.79114207073679	4.60507692386197	3.47253145946199	3.1835168653045	2.66130910037422	3.35162129568145	3.18743765102875	2.38492708316837	3.01764020418899	2.89181652566767	2.28151212337989	2.59855680987926	2.66698682650429	3.66822850113481
ENSG00000244122	UGT1A7	0.000973771830268909	0	0.00218630816292292	0.00337904001892657	0.00522646508122843	0.0157361974683326	0.00221771472124581	0	0.00481828549439562	0	0	0.0048625169414431	0.00895103699519299	0.0136283286780717	0	0.000976134917608881	0.00260627083501879	0.0140464451623719	0.0070660449357367	0.00131698345414045	0.00639759257109826	0.000321698180971183	0.00559646690190647	0	0.0069720015946744	0.00135198790362668	0.00538391073496568	0	0.00246641278889674
ENSG00000244474	UGT1A4	0.00309207796831437	0	0.00462821835868915	0.00429849992421097	0.00912439028883984	0.0251467420549642	0.00364174348162523	0	0.00818672015574744	0	0.00407569222755184	0.00791549591041422	0.0119484049974976	0.0191953218265208	0	0.00504233564998503	0.00428568891073155	0.0206140999300864	0.00956595758974905	0.00216427866754069	0.0104879089391315	0	0.00716985980179357	0	0.0092931105335551	0.00222147997378525	0.00720508243738395	0	0.0014413624410945
ENSG00000248144	ADH1C	0.0378505619120095	0	0.010264444754953	0.00495364876166427	0.0166507757851687	0.00995287363896419	0.00728227600101748	0	0.00801472118457726	0	0.0119772697032458	0.0126717574121225	0.00339733673012454	0.00800896209037219	0.0313603441773408	0.0234938643256005	0	0.0767710484188053	0.0181738102637431	0.0304306976704589	0.0201087689667204	0.0281013647970452	0	0.00441003116881297	0.0123920068226366	0.00299034131102947	0.0171085575823177	0.017198506133301	0.0451391748730154
